出表日期,資料年月,公司代號,公司名稱,產業別,營業收入-當月營收,營業收入-上月營收,營業收入-去年當月營收,營業收入-上月比較增減(%),營業收入-去年同月增減(%),累計營業收入-當月累計營收,累計營業收入-去年累計營收,累計營業收入-前期比較增減(%),備註
"110/10/11","110/4","1101","台泥","水泥工業","9672128","9779716","9838855","-1.1001137456343313","-1.6945772653423594","31709780","29639667","6.984265376530715","以上營收不包含停業部門營收:110年4月1,293,852仟元暨109年4月377,827仟元;110年1-4月3,536,377仟元暨109年1-4月2,553,215仟元"
"110/10/11","110/4","1102","亞泥","水泥工業","7830830","7006606","6751585","11.763527162794654","15.98506128560923","25723971","19890466","29.328146459715928","-"
"110/10/11","110/4","1103","嘉泥","水泥工業","185227","203954","158812","-9.181972405542426","16.632874090119135","729754","654146","11.558275981202973","-"
"110/10/11","110/4","1104","環泥","水泥工業","523569","575019","481205","-8.947530429429289","8.803732297045958","1964066","1734963","13.205065468254942","-"
"110/10/11","110/4","1108","幸福","水泥工業","345563","349527","404198","-1.1341040892406022","-14.506504238021959","1391516","1508918","-7.780542083797794","-"
"110/10/11","110/4","1109","信大","水泥工業","766026","882786","772697","-13.226308527774568","-0.8633397049555","2578377","1937778","33.05843084192307","-"
"110/10/11","110/4","1110","東泥","水泥工業","143902","146368","145822","-1.684794490599038","-1.3166737529316563","531244","533766","-0.4724916911155825","-"
"110/10/11","110/4","1201","味全","食品工業","1567125","1507135","1473407","3.9803998978193724","6.360632194634612","5936813","5447749","8.97735927260966","-"
"110/10/11","110/4","1203","味王","食品工業","470972","500102","481367","-5.824811738405366","-2.1594749951700054","1958964","2064457","-5.109963540049514","-"
"110/10/11","110/4","1210","大成","食品工業","9053195","8072006","6180161","12.15545429475647","46.48801220550727","31425523","24436887","28.598716358593467","-"
"110/10/11","110/4","1213","大飲","食品工業","31631","30196","22416","4.752285070870314","41.10902926481085","133897","102482","30.654163658008237","-"
"110/10/11","110/4","1215","卜蜂","食品工業","1997700","2030023","1851960","-1.5922479696042853","7.869500421175403","7716685","7093153","8.790618220134261","-"
"110/10/11","110/4","1216","統一","食品工業","38356552","38463882","34946280","-0.2790409974739419","9.758612361601864","153784713","143211145","7.383201914906832","-"
"110/10/11","110/4","1217","愛之味","食品工業","273615","367154","291186","-25.47677541304194","-6.034287362716614","1369454","1443667","-5.140589900579566","-"
"110/10/11","110/4","1218","泰山","食品工業","810520","799575","630513","1.3688522027327017","28.549292401584108","3085012","2534680","21.712089889058973","-"
"110/10/11","110/4","1219","福壽","食品工業","1240389","1257299","1017898","-1.3449465878840277","21.857887529005854","4958447","4007636","23.724984005533436","-"
"110/10/11","110/4","1220","台榮","食品工業","262030","269619","215302","-2.8147126129835063","21.703467687248608","970790","817212","18.792920319329625","-"
"110/10/11","110/4","1225","福懋油","食品工業","1020599","1125109","856010","-9.288877788729803","19.227462296001214","4116138","3377302","21.876515632892765","-"
"110/10/11","110/4","1227","佳格","食品工業","2337076","1938626","2977463","20.553216556468342","-21.507807149912527","10601692","9648896","9.87466338117853","-"
"110/10/11","110/4","1229","聯華","食品工業","724446","864164","748609","-16.16799588966909","-3.227719677428404","2949739","2795638","5.512194354204658","-"
"110/10/11","110/4","1231","聯華食","食品工業","695795","705431","646251","-1.36597342617492","7.666371115866745","3069348","2744297","11.844599910286679","-"
"110/10/11","110/4","1232","大統益","食品工業","1916817","1805442","1259038","6.168849511643132","52.244570854890796","6759548","5332720","26.75610195172445","售價受國際原料行情波動影響，及受國內市場供需影響。"
"110/10/11","110/4","1233","天仁","食品工業","141150","148313","122898","-4.82965080606555","14.851340135722307","623821","612349","1.8734414525050258","-"
"110/10/11","110/4","1234","黑松","食品工業","687081","733787","620378","-6.365062340979058","10.751993139666462","2901980","2569661","12.932406259035725","-"
"110/10/11","110/4","1235","興泰","食品工業","1112","1009","1908","10.20812685827552","-41.719077568134175","4933","6105","-19.1973791973792","-"
"110/10/11","110/4","1236","宏亞","食品工業","100156","115293","102352","-13.12915788469378","-2.1455369704549008","640768","539741","18.717681258233114","-"
"110/10/11","110/4","1256","鮮活果汁-KY","食品工業","407552","350208","226577","16.374269005847953","79.87350878509292","1401551","592567","136.52194604154468","109年4月受新冠疫情影響，出貨較少，基數較低"
"110/10/11","110/4","1301","台塑","塑膠工業","24367037","25018934","14752079","-2.6056146117176695","65.17696929361617","84968974","56771258","49.66899976040693","去年4月受疫情影響，需求急凍，產品價格崩跌，今年疫情趨緩，需求及產品價格回升，因此今年4月合併營收較去年同期增加65.18%。"
"110/10/11","110/4","1303","南亞","塑膠工業","34904534","34372304","20411078","1.5484268962592673","71.00779292499887","124615224","85968587","44.95437036786472","2021年4月合併營收與去年比較大幅成長，主要係去年4月新冠肺炎疫情擴散，而今年4月公司營運處於高峰，故相較之下差異甚大。"
"110/10/11","110/4","1304","台聚","塑膠工業","6028023","6209704","3505359","-2.925759424281737","71.96592417495611","22224199","14861729","49.53979446133084","因市場環境影響銷售量價皆優於去年同期，故營收增加。"
"110/10/11","110/4","1305","華夏","塑膠工業","1493823","1823567","717906","-18.08236275387743","108.08058436619837","6472507","4309121","50.204809751223046","109年4月因新冠肺炎爆發第一波全球疫情，致需求驟降，今年因部分PVC大廠受疫情、歲修或事故而減產，後疫情需求恢復。"
"110/10/11","110/4","1307","三芳","塑膠工業","697674","932378","562804","-25.17262312066565","23.96393771188549","3286764","3220074","2.0710704163941576","-"
"110/10/11","110/4","1308","亞聚","塑膠工業","800995","679625","433191","17.858377781865","84.90573442199862","2653687","1747245","51.878357070702734","產品平均售價較去年同期提高所致"
"110/10/11","110/4","1309","台達化","塑膠工業","1876788","1845569","1151977","1.6915650403750822","62.918877720648936","6412469","4110330","56.008617312965136","持續強化銷售量，銷售量較去年同期增加，且售價優於去年，故營業收入較去年同期增加。"
"110/10/11","110/4","1310","台苯","塑膠工業","1126664","677091","590995","66.3977220196399","90.63849947969103","3264371","2289247","42.595840466319274","去年因疫情衝擊價格及銷售量銳減，造成基期較低，今年4月的SM價格逐漸走穩較去年同期上升約95.8%強，造成同期營業額增加90.64%。"
"110/10/11","110/4","1312","國喬","塑膠工業","1949387","1835254","1100991","6.218921195649212","77.05748730007784","7184518","4709347","52.558688072889936","係因主要產品之數量及價格均較去年成長"
"110/10/11","110/4","1313","聯成","塑膠工業","7594888","7215445","4033358","5.258760894165225","88.30185666633113","24661821","12892135","91.29353671831701","去年同期因新冠肺炎疫情影響，石油價格下跌、大陸地區下游客戶開工率尚未全數恢復正常，營收下滑。"
"110/10/11","110/4","1314","中石化","塑膠工業","2814860","2915031","1366840","-3.4363613971858276","105.93924672968306","10251385","6667915","53.74198681296927","去年同期及累計營收因受疫情影響而較正常低；近期原物料價格上漲及需求回穩，銷量及售價皆上漲，故今年單月及累計營收較去年增加"
"110/10/11","110/4","1315","達新","塑膠工業","166442","183809","138397","-9.448394801125081","20.26416757588676","705762","656606","7.486376914009314","-"
"110/10/11","110/4","1316","上曜","建材營造","78632","65446","219677","20.147908199125997","-64.20562917374144","296586","395476","-25.00531005674175","109年4月帝凡內建案剛完工交屋多"
"110/10/11","110/4","1319","東陽","汽車工業","1463614","1689085","1016803","-13.348706548219894","43.94273030272334","5981950","5812767","2.9105415716817826","-"
"110/10/11","110/4","1321","大洋","塑膠工業","544134","633433","310791","-14.09762358449907","75.08035946986882","2078960","1407158","47.741760342477534","銷售單價上漲及訂單增加"
"110/10/11","110/4","1323","永裕","塑膠工業","303256","306780","311485","-1.1487059130321402","-2.6418607637606946","1133483","1077746","5.1716267098184545","-"
"110/10/11","110/4","1324","地球","塑膠工業","83533","111375","83401","-24.998428731762065","0.15827148355535306","335421","366288","-8.426975494692702","-"
"110/10/11","110/4","1325","恆大","塑膠工業","136427","139477","316354","-2.1867404661700496","-56.87520941729834","607088","744453","-18.45180286734018","新冠肺炎疫情較去年同期趨緩，各類防疫物資供過於求。"
"110/10/11","110/4","1326","台化","塑膠工業","33047596","32179323","18134268","2.698232650823636","82.23837874238983","117201847","82578321","41.9281060461377","比較去年同時疫情影響較緩和，下游需求消費動能提升，致行情上漲，客戶採購動能穩定，開動率提高產銷量增加。"
"110/10/11","110/4","1337","再生-KY","塑膠工業","108468","102248","65295","6.08324857209921","66.11991729841489","373107","249669","49.44065943308941","去年度受新冠肺炎影響銷售金額，本年度無此情形"
"110/10/11","110/4","1338","廣華-KY","汽車工業","557726","705190","378914","-20.91124377827252","47.19065539937822","2332246","1437779","62.21171682156994","主要去年同期受疫情影響復工延緩"
"110/10/11","110/4","1339","昭輝","汽車工業","170515","170497","150568","0.01055737051091808","13.247834865310026","683101","648276","5.371940346395671","-"
"110/10/11","110/4","1340","勝悅-KY","塑膠工業","53832","46278","55854","16.323090885517956","-3.6201525405521537","173291","150225","15.354301880512564","-"
"110/10/11","110/4","1341","富林-KY","塑膠工業","222207","342386","128003","-35.10044219097743","73.5951501136692","980461","839821","16.746425726434563","4月較去年增加，係為去年4月受COVID-19影響各國陸續停工，影響公司4月出貨。今年因疫情控制下，景氣逐漸復甦。"
"110/10/11","110/4","1342","八貫","其他","139188","177880","78382","-21.751742747919945","77.57648439692787","580769","478027","21.49292822371958","去年受新冠狀病毒的影響，客戶從4月開始暫停出貨導致營業額較低。"
"110/10/11","110/4","1402","遠東新","紡織纖維","18494363","19757228","15915565","-6.391913885895329","16.20299373600623","74738575","68151179","9.66585772492652","-"
"110/10/11","110/4","1409","新纖","紡織纖維","3774406","4214077","2410620","-10.43338790439757","56.57407637869096","13829687","10021347","38.002276540269484","去年因為疫情影響導致營收下降，今年市況回升營收也回升"
"110/10/11","110/4","1410","南染","紡織纖維","42253","43164","35217","-2.1105550922064684","19.978987420847886","150583","132480","13.664704106280194","-"
"110/10/11","110/4","1413","宏洲","紡織纖維","249530","242906","88220","2.7269808073905133","182.8496939469508","869638","546445","59.14465316729039","因去年疫情關係基期低"
"110/10/11","110/4","1414","東和","紡織纖維","68982","71482","50885","-3.4973839568003133","35.56450820477547","271921","260987","4.189480702103936","-"
"110/10/11","110/4","1416","廣豐","其他","21528","27297","33377","-21.134190570392352","-35.500494352398356","86675","83334","4.009167926656587","-"
"110/10/11","110/4","1417","嘉裕","紡織纖維","113051","97834","49007","15.553897418075517","130.6833717632175","431798","331231","30.361590551608998","因去年同期新冠肺炎疫情影響大額需求減少"
"110/10/11","110/4","1418","東華","紡織纖維","6270","3669","772","70.89125102207686","712.1761658031088","19150","34826","-45.0123470969965","因客戶受新冠狀肺炎疫情之影響調降開工率，造成亞克力纖維市場需求停滯及配合客戶生產線出貨。"
"110/10/11","110/4","1419","新紡","紡織纖維","244757","213510","162217","14.634911713737061","50.88245991480548","794645","728496","9.08021457907799","去年同期受疫情影響營收基期較低所致"
"110/10/11","110/4","1423","利華","紡織纖維","17732","22269","15837","-20.37361354349095","11.965650059986109","71652","73165","-2.0679286544112623","-"
"110/10/11","110/4","1432","大魯閣","貿易百貨","76668","73031","71337","4.980076953622435","7.472980360822574","309794","396077","-21.784400507982035","-"
"110/10/11","110/4","1434","福懋","紡織纖維","3090691","3284511","2406454","-5.901030625258981","28.43341281404091","11250608","10977835","2.4847613395537462","-"
"110/10/11","110/4","1435","中福","其他","1290","1094","1242","17.915904936014627","3.864734299516908","4762","4979","-4.358304880498092","-"
"110/10/11","110/4","1436","華友聯","建材營造","387958","414725","28317","-6.454156368678039","1270.0533248578593","807292","419222","92.56909227092089","本月及累計營收增加，係當月交屋數增加所致"
"110/10/11","110/4","1437","勤益控","其他","44945","46409","39674","-3.1545605378267148","13.285779099662248","223594","215966","3.532037450339405","-"
"110/10/11","110/4","1438","三地開發","建材營造","14","369","0","-96.2059620596206","","421","84582","-99.50225816367549","110年累計銷售商品及土地421仟元,109年累計銷售商品及土地84,582仟元,故營收變化大。"
"110/10/11","110/4","1439","中和","紡織纖維","5984","11128","3160","-46.22573687994249","89.36708860759494","28509","52888","-46.095522613825445","因去年受到疫情影響基期較低，致使本月營收較去年同期增加，但累計營收較去年同期減少。"
"110/10/11","110/4","1440","南紡","紡織纖維","1891812","2176174","1036389","-13.067061733115091","82.5387957610511","7224917","6074273","18.9429088880266","109年度同期月份 正值疫情最嚴峻 政府力推各項振興紓困措施之際 營收較正常情況驟減 基期較低 110年度則已逐漸復甦所致"
"110/10/11","110/4","1441","大東","紡織纖維","113161","142941","97050","-20.833770576671494","16.60072127769191","485185","576195","-15.79499995661191","-"
"110/10/11","110/4","1442","名軒","建材營造","56129","130171","79708","-56.88056479553818","-29.58172329000853","422204","181672","132.39904883526356","本年累計認收32戶，去年累計認收14戶，故兩期差異大。"
"110/10/11","110/4","1443","立益","其他","54808","60327","40630","-9.148474149220084","34.89539748953975","213569","186257","14.663609958283446","-"
"110/10/11","110/4","1444","力麗","紡織纖維","771799","817402","613571","-5.579017423495416","25.788050608650018","2974104","3057270","-2.720270044843929","-"
"110/10/11","110/4","1445","大宇","紡織纖維","95403","100235","53343","-4.820671422157929","78.84820876216186","363971","370879","-1.8626020885517918","訂單增加營業額成長"
"110/10/11","110/4","1446","宏和","紡織纖維","10098","23483","51438","-56.99867989609505","-80.3685990901668","93290","177959","-47.577812867008696","因永和合建案已銷售完畢"
"110/10/11","110/4","1447","力鵬","紡織纖維","1910183","2298590","652727","-16.897619845209455","192.64654288852768","7788530","3543314","119.80919557228064","因新增子公司貿易營收"
"110/10/11","110/4","1449","佳和","紡織纖維","251070","248198","85794","1.1571406699489923","192.6428421567942","840523","506136","66.06663031280131","訂單增加"
"110/10/11","110/4","1451","年興","紡織纖維","572110","723142","140598","-20.88552455810892","306.91190486351155","2309848","2014258","14.674882760798269","去年為控制新冠肺炎疫情，賴索托及墨西哥產區分別於109/3/29~109/5/5及109/4/5~109/6/15期間配當地政府政策暫時停工。"
"110/10/11","110/4","1452","宏益","紡織纖維","162389","201142","28631","-19.266488351512862","467.17893192693236","675750","401976","68.10705116723386","去年同期受新冠肺炎疫情影響，營收大幅減少。"
"110/10/11","110/4","1453","大將","建材營造","38","38","56","0.0","-32.142857142857146","16096","20549","-21.670154265414375","本年營收較去年減少,係因去年出售待售房地金額較大所致"
"110/10/11","110/4","1454","台富","紡織纖維","127762","127728","98533","0.026619065514217714","29.664173424132017","494767","490836","0.8008785011694334","-"
"110/10/11","110/4","1455","集盛","紡織纖維","886296","825740","384667","7.333543246058081","130.40603950949782","3249575","2529003","28.49233472637241","因去年度受疫情影響，營收過度萎縮，致基期較低，本年景氣已回穩。"
"110/10/11","110/4","1456","怡華","建材營造","58290","43972","73128","32.56163012826344","-20.290449622579587","602083","183351","228.37726546350987","本年累計認列建設收入較去年累計增加所致"
"110/10/11","110/4","1457","宜進","紡織纖維","371454","362143","160102","2.5710837983890342","132.0108430875317","1308079","1050891","24.473327871301592","109年因台南廠停止生產及疫情影響,致營業額大幅降低,今年已恢復正常。"
"110/10/11","110/4","1459","聯發","紡織纖維","221026","256290","88286","-13.75941316477428","150.3522642321546","894404","647848","38.05769254516491","去年同期受新型冠狀病毒疫情影響，致去年同期營業收入大幅減少。"
"110/10/11","110/4","1460","宏遠","紡織纖維","740461","733251","339161","0.9832922150805113","118.32138718779576","2882613","2210098","30.429193637567202","109年因疫情影響造成營收減少"
"110/10/11","110/4","1463","強盛","紡織纖維","45616","40940","28705","11.421592574499266","58.91308134471346","152564","232782","-34.46056825699581","去年同期因受疫情影響營業額較本年度同期減少."
"110/10/11","110/4","1464","得力","紡織纖維","857655","918042","519665","-6.577803629899286","65.03997767792713","3286534","3059094","7.4348810464797745","去年度受疫情影響故營收大幅衰退。"
"110/10/11","110/4","1465","偉全","紡織纖維","16147","28521","26282","-43.385575540829564","-38.56251426832053","89527","154378","-42.00792859086139","-"
"110/10/11","110/4","1466","聚隆","紡織纖維","262488","315388","92549","-16.772990728879982","183.62056856367977","1044990","878524","18.948372497507183","去年同期受新冠肺炎疫情影響,全球需求減少,造成營收銳減"
"110/10/11","110/4","1467","南緯","紡織纖維","487758","542767","197851","-10.13491977220428","146.5279427447928","2113593","1405132","50.419533538486064","109年受新冠病毒影響，非洲產區封城，致成衣訂單及營收大幅縮減，110年疫情趨緩，營收回復一般水準，故較去年同期增加50.42%"
"110/10/11","110/4","1468","昶和","紡織纖維","118037","84514","110768","39.6656175308233","6.562364581828687","358508","354327","1.1799834616046758","-"
"110/10/11","110/4","1470","大統新創","紡織纖維","76700","81307","39589","-5.666178803793032","93.74068554396423","278429","245823","13.264015165383222","2020年Q2受COVID-19疫情影響,出貨量銳減,造成兩年度明顯差異"
"110/10/11","110/4","1471","首利","電子零組件業","40805","53044","64285","-23.073297639695348","-36.52485027611418","172418","186077","-7.340509573993562","-"
"110/10/11","110/4","1472","三洋紡","紡織纖維","51915","18633","16507","178.61857993881821","214.5029381474526","114999","81800","40.585574572127136","主係子公司上鋌營造本期依完工比例認列收入增加"
"110/10/11","110/4","1473","台南","紡織纖維","384725","610081","306666","-36.93870158224892","25.454077074080597","2088147","2287620","-8.719673722034253","-"
"110/10/11","110/4","1474","弘裕","紡織纖維","265400","328823","189267","-19.287884363320085","40.22518452767783","1054930","868618","21.449244662210546","-"
"110/10/11","110/4","1475","業旺","紡織纖維","10945","18677","1694","-41.39851153825561","546.1038961038961","55322","8691","536.5435507996779","主要開始銷售染劑產品"
"110/10/11","110/4","1476","儒鴻","紡織纖維","3158046","3111846","1490917","1.4846493046249718","111.81903486243701","11377522","7501844","51.66300445597109","主係全球經濟逐漸復甦，致業績成長。"
"110/10/11","110/4","1477","聚陽","紡織纖維","2345903","2628521","1133062","-10.751978013491238","107.0410092298568","9162702","7263946","26.139456433183838","主係全球經濟復甦，客戶需求增加。在與客戶緊密合作下，致業績成長"
"110/10/11","110/4","1503","士電","電機機械","2429347","2519443","1884976","-3.576028511063755","28.87946583935286","9544493","8304287","14.934527190594448","-"
"110/10/11","110/4","1504","東元","電機機械","4181903","4436522","3409349","-5.7391578358002056","22.659868496888997","16093133","13922640","15.589665465745002","-"
"110/10/11","110/4","1506","正道","電機機械","67722","101710","45553","-33.4165765411464","48.66638860228745","323288","292743","10.434066741134716","-"
"110/10/11","110/4","1507","永大","電機機械","1494053","1507597","1192266","-0.8983833212721968","25.312052847267303","5278689","4043556","30.54571273403905","此為本公司自結數"
"110/10/11","110/4","1512","瑞利","汽車工業","102657","75909","68960","35.2369284274592","48.86455916473318","340114","397569","-14.451579474254784","-"
"110/10/11","110/4","1513","中興電","電機機械","1678387","2204727","1211115","-23.87325052035921","38.58196785606652","6361100","4254279","49.522398507479174","-"
"110/10/11","110/4","1514","亞力","電機機械","386044","419387","431356","-7.950413341376819","-10.504548447222248","1616499","1642740","-1.5973921618758902","-"
"110/10/11","110/4","1515","力山","電機機械","1471519","1302442","494494","12.98153775753546","197.58075932165002","5510334","1913033","188.0417640469349","客戶銷售狀況好增加採購量"
"110/10/11","110/4","1516","川飛","其他","191365","92024","71522","107.95118664696166","167.56103017253432","400810","338933","18.256410559019038","本年度煤價上漲"
"110/10/11","110/4","1517","利奇","電機機械","385312","405341","225237","-4.941271670025978","71.06958448212328","1394671","748490","86.3312803110262","主係自行車零組件受惠全球自行車零售巿場持續熱銷,造就本公司集團出貨量及金額大增。"
"110/10/11","110/4","1519","華城","電機機械","683460","709451","475168","-3.663537016650903","43.83544346420634","2279452","2151880","5.928397494284068","-"
"110/10/11","110/4","1521","大億","汽車工業","392103","495429","211054","-20.855864311536063","85.78325926066314","1667978","1374986","21.308726052483443","本月營收較前期增加85.78%之原因：主要為前期受到疫情影響，國外客戶訂單減少。"
"110/10/11","110/4","1522","堤維西","汽車工業","1359787","1438368","804857","-5.463205521813611","68.9476515704032","5313561","4633331","14.681230415008123","去年同期因全球新冠肺炎疫情影響，以致比較基期較低。"
"110/10/11","110/4","1524","耿鼎","汽車工業","121778","172805","99051","-29.528659471658806","22.94474563608646","582186","640693","-9.131830689581438","-"
"110/10/11","110/4","1525","江申","汽車工業","116157","121493","97211","-4.392022585663372","19.489563938237442","433681","304882","42.2455244980025","-"
"110/10/11","110/4","1526","日馳","電機機械","155818","149344","83948","4.334958217270195","85.61252203745175","498237","319864","55.76526273666308","因市場需求增加，致本月營收優於去年同期。"
"110/10/11","110/4","1527","鑽全","電機機械","335787","433439","253386","-22.52958317087295","32.519949799910016","1448569","1124723","28.793400686213406","-"
"110/10/11","110/4","1528","恩德","電機機械","287133","344820","272687","-16.729598051157126","5.297648952828701","1046893","1111513","-5.813697185727922","-"
"110/10/11","110/4","1529","樂士","電機機械","20595","15852","57856","29.920514761544286","-64.40300055309734","50976","243796","-79.09071518810809","本期因太陽能工程案量少,致營收較去年同期減少"
"110/10/11","110/4","1530","亞崴","電機機械","311109","412591","289848","-24.59627088327181","7.335223979465099","1115096","880964","26.576795419563116","-"
"110/10/11","110/4","1531","高林股","電機機械","260585","265125","145877","-1.7123998114097123","78.63336920830562","884782","482013","83.55977950802156","去年逢大陸爆發疫情延遲開工，工作天數減少，比較基期低所致。"
"110/10/11","110/4","1532","勤美","電機機械","1289068","1655763","832480","-22.146587404115202","54.846723044397464","4944538","3100387","59.48131636469899","兩期變動達50%以上，主係去年營收受新冠疫情影響基期較低，本年度營收回復過往水準，及本月認列完工交屋營建收入較去年增加所致"
"110/10/11","110/4","1533","車王電","汽車工業","229800","210776","156048","9.025695525107222","47.26238080590588","801910","745254","7.602240310015109","-"
"110/10/11","110/4","1535","中宇","電機機械","640253","722161","620260","-11.342069150784935","3.2233257021249155","2814209","2638440","6.661853216294477","-"
"110/10/11","110/4","1536","和大","汽車工業","558067","542003","168505","2.9638212334618075","231.1872051274443","2131021","1576398","35.18292969161341","因新型冠狀病毒影響趨緩，客戶需求及訂單明顯回升。"
"110/10/11","110/4","1537","廣隆","電機機械","611767","646022","504349","-5.3024510001207386","21.29834697798548","2307725","2209382","4.451154214164866","-"
"110/10/11","110/4","1538","正峰","電機機械","18568","28964","27959","-35.892832481701426","-33.588468829357275","79843","83396","-4.260396182071083","-"
"110/10/11","110/4","1539","巨庭","電機機械","243445","217037","157734","12.167510608790206","54.33895038482508","858823","612869","40.13157787390127","國外市場需求增加"
"110/10/11","110/4","1540","喬福","電機機械","42144","40439","5703","4.216226909666411","638.9794844818516","160748","105473","52.40677708987134","外銷成長"
"110/10/11","110/4","1541","錩泰","電機機械","475146","474909","408741","0.04990429745488083","16.24622927477302","1754530","1521854","15.288983043051436","-"
"110/10/11","110/4","1558","伸興","電機機械","800381","933640","504995","-14.27306028019365","58.4928563649145","3345601","1674186","99.83448672967042","本月增加百分比達50%以上,係因歐美縫紉機需求增加"
"110/10/11","110/4","1560","中砂","電機機械","480526","521795","450328","-7.9090447397924475","6.705778898935887","1945263","1678190","15.914348196568923","-"
"110/10/11","110/4","1568","倉佑","汽車工業","155613","164783","101256","-5.5648944369261395","53.68274472623845","625621","502478","24.507142601268114","2021年度疫情趨緩,故歐美市場之需求較2020年度增加。"
"110/10/11","110/4","1582","信錦","電子零組件業","873364","905462","1011892","-3.5449306541853773","-13.689998537393318","3166105","2727346","16.08739778524617","-"
"110/10/11","110/4","1583","程泰","電機機械","594390","693407","425438","-14.279780850207743","39.71248454533916","2101056","1471054","42.82657196812625","-"
"110/10/11","110/4","1587","吉茂","汽車工業","221466","200002","106226","10.73189268107319","108.48568147157947","756075","460743","64.09907475534084","公司接單狀況良好"
"110/10/11","110/4","1589","永冠-KY","電機機械","777036","762001","712460","1.9730945234980006","9.063807090924403","2922744","1842659","58.615565875183634","本年累計營收增加58.62%，主要係去年因為新冠疫情影響，公司大陸工廠停工致使基期較低所致。"
"110/10/11","110/4","1590","亞德客-KY","電機機械","2426662","2388542","1964417","1.595952677407389","23.530900007483137","8360538","5121559","63.24205188303015","本月營業收入換算匯率為4.3310048;本年累計營業收入換算匯率為 4.3630548。"
"110/10/11","110/4","1592","英瑞-KY","汽車工業","83962","153016","271381","-45.128614001150204","-69.06120914876134","562315","1336772","-57.93486099349777","本年度營收未包含去年底已處分歐洲子公司，及目前我司AM市場深受疫情及資金影響，無法正常出貨，為1-4月營收衰退之主因。"
"110/10/11","110/4","1597","直得","電機機械","161737","154057","130375","4.985167827492422","24.055225311601152","580391","420865","37.90431611086691","-"
"110/10/11","110/4","1598","岱宇","生技醫療業","1004666","1275903","773185","-21.258434222664263","29.938630470068613","4833190","2376792","103.34930444060734","各品牌產品與電商通路銷售持續暢旺"
"110/10/11","110/4","1603","華電","電器電纜","148748","327643","156566","-54.60058661408912","-4.993421304753267","887172","812712","9.161917136697872","-"
"110/10/11","110/4","1604","聲寶","電器電纜","683761","670122","577889","2.0353010347369582","18.32047330888804","2792331","2386110","17.02440373662572","-"
"110/10/11","110/4","1605","華新","電器電纜","12244761","11422132","12913956","7.202061751693992","-5.181951990544183","41099138","37109155","10.75201793196315","-"
"110/10/11","110/4","1608","華榮","電器電纜","808397","915976","500631","-11.74474003685686","61.47561777037379","3058181","2211431","38.289686632773076","營收增加主係因出貨量增加及國際銅價上漲"
"110/10/11","110/4","1609","大亞","電器電纜","2105240","2410381","1476671","-12.659450933275695","42.566624522320815","8186089","5433682","50.65454695361267","係因銅價上漲所致"
"110/10/11","110/4","1611","中電","電器電纜","147596","150794","168646","-2.1207740361022323","-12.481766540564259","608443","732288","-16.912061920992834","-"
"110/10/11","110/4","1612","宏泰","電器電纜","496329","613523","327067","-19.10181036407763","51.75147599727273","1955477","1492083","31.056851394996123","本月因銅價及原物料上漲，及配合客戶交期落點，高壓電纜出貨量增加，致營收較去年同期成長。"
"110/10/11","110/4","1614","三洋電","電器電纜","453266","383729","408347","18.12138253819753","11.000203258503184","1774939","1578304","12.458626475001013","-"
"110/10/11","110/4","1615","大山","電器電纜","885445","354433","309542","149.82013525828577","186.05003521331517","1672342","866319","93.03997719085002","110年4月配合訂單交貨，產品電力電纜營收成長，及本月增加子公司營建收入，致較去年同期成長186.05%"
"110/10/11","110/4","1616","億泰","電器電纜","204612","264305","282964","-22.584892453793913","-27.68974145120934","831816","902145","-7.79575345426733","-"
"110/10/11","110/4","1617","榮星","電器電纜","445931","438642","256363","1.6617195799763818","73.94514809079314","1479420","892059","65.84329063436387","因銅價持續上漲，客戶需求也增加所致。"
"110/10/11","110/4","1618","合機","電器電纜","176037","203031","198568","-13.295506597514665","-11.346742677571411","988507","634847","55.70791072494632","110年1-4月業主通知交貨較多,致超高壓線、高壓線、銅板及光放管等出貨量較去年同期增加。"
"110/10/11","110/4","1626","艾美特-KY","電器電纜","1147031","1357586","1010444","-15.509514682679402","13.517522989893552","3690563","2822254","30.766507904674775","-"
"110/10/11","110/4","1701","中化","生技醫療業","647486","622390","701073","4.032198460772185","-7.6435692146181635","2656299","2806750","-5.36032778124165","-"
"110/10/11","110/4","1702","南僑","食品工業","1680650","1712334","1396304","-1.850339945361127","20.364190033115996","6345604","5012400","26.598116670656772","-"
"110/10/11","110/4","1707","葡萄王","生技醫療業","762506","820392","672841","-7.055895230572702","13.32632821127131","2734706","2681763","1.9741863841062763","-"
"110/10/11","110/4","1708","東鹼","化學工業","415078","306096","339415","35.60386284041608","22.292179190666292","1261508","1396936","-9.694645996666992","-"
"110/10/11","110/4","1709","和益","化學工業","754119","884697","660616","-14.759629568089414","14.153910895285613","3094373","3018345","2.518863814441358","-"
"110/10/11","110/4","1710","東聯","化學工業","2601336","2707364","1478763","-3.9162816673339824","75.91297591297591","9176099","5790532","58.467287634365896","2021年4月/1~4月合併公司主要產品乙二醇之單價增加31%/39%，銷量增加16%/11%所致。"
"110/10/11","110/4","1711","永光","化學工業","793963","850637","555992","-6.662536428582345","42.80115541230809","3074766","2826469","8.784706289012899","-"
"110/10/11","110/4","1712","興農","化學工業","1509545","1806822","1550126","-16.453031897995487","-2.61791622100397","6338595","6236804","1.6321019547832512","-"
"110/10/11","110/4","1713","國化","化學工業","47429","52974","37460","-10.467399101445992","26.612386545648693","181521","168060","8.009639414494822","-"
"110/10/11","110/4","1714","和桐","化學工業","1732500","1837409","2129826","-5.709616095273289","-18.65532677317302","6581525","7607359","-13.48475863962776","-"
"110/10/11","110/4","1717","長興","化學工業","4718326","4454630","3174938","5.919593770975367","48.611594935082195","15920745","10804453","47.353549504079474","-"
"110/10/11","110/4","1718","中纖","化學工業","2680593","2921189","2108027","-8.236235313771207","27.161227062082222","10387232","9689904","7.19643868504786","本月份自結異業別合併營收資訊，未經會計師簽證或核閱"
"110/10/11","110/4","1720","生達","生技醫療業","390132","394959","370344","-1.2221521727571723","5.34314043159873","1491237","1404753","6.156527161714551","-"
"110/10/11","110/4","1721","三晃","化學工業","212536","278527","237645","-23.692855629795314","-10.565759851879905","939194","1067906","-12.052746215490876","-"
"110/10/11","110/4","1722","台肥","化學工業","858319","963772","914754","-10.941695753767489","-6.1694182261023185","3803834","3941912","-3.5028179218612694","-"
"110/10/11","110/4","1723","中碳","化學工業","649410","706902","332281","-8.132951950906914","95.44000409292136","2318266","1931458","20.026736279018234","主係因油價較去年同期大漲，帶動主要產品售價上漲，導致本月營收較去年同期增加。"
"110/10/11","110/4","1724","台硝","化學工業","206642","166484","143647","24.121236875615676","43.85403106225678","649272","595805","8.973909248831413","-"
"110/10/11","110/4","1725","元禎","化學工業","975515","992652","611240","-1.7263854805107932","59.596067011321246","3354140","2249802","49.08600845763316","本年度因油價回升及石油產業復甦，下游需求增加，故本月營收亦較去年同期成長。"
"110/10/11","110/4","1726","永記","化學工業","673100","770746","627774","-12.669024555430713","7.220114244935279","2763113","2539275","8.81503578777407","-"
"110/10/11","110/4","1727","中華化","化學工業","157320","163192","151082","-3.598215598803863","4.128883652586013","591727","640313","-7.5878515663433355","-"
"110/10/11","110/4","1730","花仙子","化學工業","185384","210838","248280","-12.072776254754835","-25.33268889962945","1087807","917201","18.60072110693294","-"
"110/10/11","110/4","1731","美吾華","生技醫療業","116540","93247","74732","24.97989211449162","55.94390622491034","425173","339791","25.12779914712279","營收較去年同期顯著成長，美吾髮森歐黎漾Saholea需求強勁，電商和實體通路整合續創佳績，當月營收大幅成長55.94%。"
"110/10/11","110/4","1732","毛寶","化學工業","55982","51520","62491","8.660714285714286","-10.4158998895841","214054","220898","-3.098262546514681","-"
"110/10/11","110/4","1733","五鼎","生技醫療業","157667","175045","130885","-9.927732868690908","20.462237842380716","734055","642815","14.193819372603315","-"
"110/10/11","110/4","1734","杏輝","生技醫療業","202986","209831","197144","-3.2621490628172194","2.9633161546889584","821143","822316","-0.1426458928197919","-"
"110/10/11","110/4","1735","日勝化","化學工業","286670","305493","157351","-6.1615159758161395","82.18505125483792","968223","688575","40.61256943688051","去年同期合併營收受新型冠狀病毒疫情影響較深，本期所受影響已減少。另原物料上漲，售價亦有調漲所致。"
"110/10/11","110/4","1736","喬山","生技醫療業","2259849","2585437","1657797","-12.593151563932906","36.31638855662062","9529362","7192315","32.493668589320684","-"
"110/10/11","110/4","1737","臺鹽","食品工業","309644","290340","264371","6.648756630157746","17.124798105692378","1099729","988828","11.215398431274195","-"
"110/10/11","110/4","1760","寶齡富錦","生技醫療業","99343","110681","97109","-10.243853958674027","2.300507676940345","473392","437715","8.150737351929909","-"
"110/10/11","110/4","1762","中化生","生技醫療業","79533","136367","184136","-41.67723862811384","-56.807468392926964","501143","491576","1.9461893989942551","單月營收較去年同期減少，主係MMF及CAS產品銷售較去年同期減少所致。"
"110/10/11","110/4","1773","勝一","化學工業","855267","851219","660281","0.47555329474553554","29.5307603883801","3149069","2638651","19.343899591116823","-"
"110/10/11","110/4","1776","展宇","化學工業","136020","162575","101553","-16.333999692449638","33.93991314879915","509932","479238","6.404750875347948","-"
"110/10/11","110/4","1783","和康生","生技醫療業","29919","48641","29423","-38.49016262001192","1.6857560411922645","140928","132749","6.161251685511755","-"
"110/10/11","110/4","1786","科妍","生技醫療業","30424","57676","28569","-47.250156044108465","6.4930519094123005","141655","138383","2.3644522809882718","-"
"110/10/11","110/4","1789","神隆","生技醫療業","234064","241169","352122","-2.9460668659736533","-33.52758418957066","875200","894645","-2.1734878080132343","-"
"110/10/11","110/4","1795","美時","生技醫療業","1157472","1100414","790366","5.18513941116707","46.44759516477176","4481836","2824799","58.66035070105873","外銷戒癮含片之美國終端市場份額較去年同期大幅增加"
"110/10/11","110/4","1802","台玻","玻璃陶瓷","4954460","4894198","2954287","1.2312946881184619","67.70408562201303","16624749","9994503","66.33892650790139","本年當月比去年同期增加50%以上係因去年COVID-19疫情影響所致"
"110/10/11","110/4","1805","寶徠","建材營造","46952","3788","59309","1139.493136219641","-20.83494916454501","54368","121451","-55.2346213699352","去年營收及累計營收較高主要係認列新店康橋旭案之收入較高所致。"
"110/10/11","110/4","1806","冠軍","玻璃陶瓷","272636","232084","400598","17.472983919615313","-31.942745595334973","863071","1085713","-20.506524284041916","-"
"110/10/11","110/4","1808","潤隆","建材營造","816258","1838946","341882","-55.61272598542861","138.75430704161084","4142212","911623","354.3777416761095","營收變動主要係本月當期及累計房地出售收入較去年同期增加所致。"
"110/10/11","110/4","1809","中釉","玻璃陶瓷","178576","190185","137363","-6.1040565764913115","30.00298479212015","697285","614923","13.393872078292729","-"
"110/10/11","110/4","1810","和成","玻璃陶瓷","455094","447710","380992","1.6492819012307074","19.44975222576852","1640929","1591405","3.1119670982559438","-"
"110/10/11","110/4","1817","凱撒衛","玻璃陶瓷","205788","231207","192901","-10.994044297966758","6.680628923644771","765981","674509","13.561271977097414","-"
"110/10/11","110/4","1903","士紙","造紙工業","13658","90359","15346","-84.88473754689628","-10.999609018636779","144415","54301","165.9527448849929","累計營業收入較去年同期增加，主要係出售營建房地收入。"
"110/10/11","110/4","1904","正隆","造紙工業","3720469","3883294","3178515","-4.1929609244110795","17.050540897242893","14021334","12253374","14.428352550081309","-"
"110/10/11","110/4","1905","華紙","造紙工業","1937683","2071320","1640562","-6.451779541548385","18.11092784058146","7414961","6202034","19.55692277726952","-"
"110/10/11","110/4","1906","寶隆","造紙工業","13997","13780","106563","1.5747460087082727","-86.86504696752156","94952","485946","-80.4603803714816","代理銷售工業用紙之噸數減少"
"110/10/11","110/4","1907","永豐餘","造紙工業","7325248","7669058","6286886","-4.483079929764516","16.516316662971143","28639513","22479010","27.40557969412354","-"
"110/10/11","110/4","1909","榮成","造紙工業","3813448","3255271","2904885","17.14686734222742","31.277072930597942","14966401","9858334","51.814708245835455","因去年受大陸新冠肺炎疫情影響，本公司大陸子公司配合當地政府防疫要求停工，故今年營收較去年同期大幅成長。"
"110/10/11","110/4","2002","中鋼","鋼鐵工業","36906048","36894940","25434105","0.030107109538597975","45.10456727295889","134727646","103352982","30.35680576686215","-"
"110/10/11","110/4","2006","東和鋼鐵","鋼鐵工業","5071187","4969779","3457915","2.040493148689308","46.654472420519305","17939262","13075561","37.196882030530084","-"
"110/10/11","110/4","2007","燁興","鋼鐵工業","552310","569411","429089","-3.0032788267174326","28.716886240383698","2224904","1925582","15.544495118878345","-"
"110/10/11","110/4","2008","高興昌","鋼鐵工業","127751","110361","60529","15.757378059278187","111.05750962348627","401417","271661","47.76394108834172","主要係本月銷售價量齊揚"
"110/10/11","110/4","2009","第一銅","鋼鐵工業","242517","303843","187792","-20.183450005430437","29.1412839737582","931667","744305","25.172745044034368","-"
"110/10/11","110/4","2010","春源","鋼鐵工業","2204533","2065788","1535784","6.716323262600034","43.54446979523162","7677576","5710006","34.45828253070137","-"
"110/10/11","110/4","2012","春雨","鋼鐵工業","949483","911934","650363","4.117512890187228","45.992776341827565","3266405","2587055","26.25958860557661","-"
"110/10/11","110/4","2013","中鋼構","鋼鐵工業","1083852","1332159","1108576","-18.639441688266942","-2.2302485350575876","4622289","4260460","8.49272144322444","-"
"110/10/11","110/4","2014","中鴻","鋼鐵工業","4011635","3947393","2537663","1.6274538663872586","58.083835402888404","14842157","12636556","17.45413069826937","本月銷售量及售價皆較去年同月增加，致營業收入增加。"
"110/10/11","110/4","2015","豐興","鋼鐵工業","2969908","3335779","2276903","-10.968082717710017","30.4362987795264","10865582","8792090","23.583607538139397","-"
"110/10/11","110/4","2017","官田鋼","鋼鐵工業","406409","379823","212973","6.999576118349863","90.82653669714001","1434183","978962","46.50037488686997","鋼市行情上漲，價格提高"
"110/10/11","110/4","2020","美亞","鋼鐵工業","505460","509220","345668","-0.7383841954361573","46.22701551778007","1869277","1599698","16.851868290139763","-"
"110/10/11","110/4","2022","聚亨","鋼鐵工業","905818","1150216","657258","-21.24800906960084","37.817721503580024","3879053","2807779","38.15378632007719","-"
"110/10/11","110/4","2023","燁輝","鋼鐵工業","7040344","6732701","4172393","4.569384560520362","68.73635824813243","25717710","16825559","52.84906730290506","銷售量及售價皆明顯較去年同期提升所致"
"110/10/11","110/4","2024","志聯","鋼鐵工業","130363","136102","77482","-4.216690423358951","68.24939986061278","494012","359586","37.38354663418487","去年因役情關係營收下降,本年因國際鋼價回升且市場需求增加所致"
"110/10/11","110/4","2025","千興","鋼鐵工業","83818","157861","40871","-46.90392180462559","105.0793961488586","531839","305997","73.80529874475893","本月及本年累計營收較去年同期增加，主要係客戶需求增加所致。"
"110/10/11","110/4","2027","大成鋼","鋼鐵工業","8504918","8108971","3739328","4.882826686641252","127.4450917384086","29526604","19956246","47.95670488327314","因美國市場需求暢旺所致"
"110/10/11","110/4","2028","威致","鋼鐵工業","1002548","1130308","602369","-11.303113841536996","66.4341956508386","3771320","2495783","51.107688448875564","景氣回升好轉，故營收增加"
"110/10/11","110/4","2029","盛餘","鋼鐵工業","1245262","1048072","590475","18.814547092184508","110.89157034590795","4452979","2994187","48.720804679200064","銷售量比去年同期多14,612噸且銷售平均價格比去年同期上漲"
"110/10/11","110/4","2030","彰源","鋼鐵工業","1131432","1211788","934463","-6.631192914932315","21.07830914653657","4110453","3276006","25.471473495469787","-"
"110/10/11","110/4","2031","新光鋼","鋼鐵工業","1187740","1091697","732784","8.797587609016055","62.08596257560209","4422162","2879595","53.568887291442024","本月及本年累積營收較去年同期增加50%以上，主要係鋼鐵需求量增加及價格上漲所致。"
"110/10/11","110/4","2032","新鋼","鋼鐵工業","276624","277664","225701","-0.3745534170796358","22.562150810142622","1135752","970763","16.99580639146733","-"
"110/10/11","110/4","2033","佳大","鋼鐵工業","68627","79255","63596","-13.409879502870481","7.910874897792314","264189","253881","4.060169922128871","-"
"110/10/11","110/4","2034","允強","鋼鐵工業","1268314","1415329","922422","-10.387337502446428","37.498238333430905","4660036","4683663","-0.5044555938375583","-"
"110/10/11","110/4","2038","海光","鋼鐵工業","805877","930624","775398","-13.404661818306856","3.930755560370287","3096820","2651371","16.800704239429336","-"
"110/10/11","110/4","2049","上銀","電機機械","2236269","2160488","1746884","3.5075871747494083","28.014739387389202","8227716","5360951","53.47493383170262","主係美中貿易戰及新冠肺炎影響趨緩，市場需求逐漸恢復正常所致。"
"110/10/11","110/4","2059","川湖","電子零組件業","508572","475181","370278","7.027006551187863","37.34869476447426","1785333","1531398","16.58190751195966","-"
"110/10/11","110/4","2062","橋椿","其他","763375","770990","408929","-0.9876911503391743","86.67666025153511","2768870","1783338","55.26333202118723","110年4月營收較去年同期增加，及本年累計營收較去年累計營收增加，主係客戶需求增加所致。"
"110/10/11","110/4","2069","運錩","鋼鐵工業","975613","959883","566325","1.6387413882733626","72.2708692005474","3507706","2159520","62.42989182781359","主要係鋼鐵需求量增加及價格上漲所致。"
"110/10/11","110/4","2101","南港","橡膠工業","629066","701152","428736","-10.28108027931176","46.72572398865503","2830141","2623376","7.88163801147834","本公告係屬自結數,與會計師所出具之財報因匯率之故將存有略微差異,屆時請以財報為準."
"110/10/11","110/4","2102","泰豐","橡膠工業","111960","118956","256107","-5.88116614546555","-56.28389696494043","660891","1595159","-58.56895770264908","因美國反傾銷案,導致本公司4月營收及累計營收下滑"
"110/10/11","110/4","2103","台橡","橡膠工業","3011563","3059530","1949274","-1.5677898239272046","54.49664849579895","11228374","8443120","32.98844502979941","109年受疫情影響營業額遽減,110年恢復正常"
"110/10/11","110/4","2104","國際中橡","橡膠工業","2028567","1874825","720821","8.200338698278506","181.42451454660727","7395507","5186514","42.59109297690125","109年受到疫情影響停工，銷量減少，110年疫情趨緩，銷量增加，致營收增加。"
"110/10/11","110/4","2105","正新","橡膠工業","8748853","10998313","6621719","-20.45277307528891","32.123592076317344","36240540","26206978","38.2858412747933","無。"
"110/10/11","110/4","2106","建大","橡膠工業","3107767","3287370","2195812","-5.463425169664504","41.53156098973865","11670213","8738783","33.54505999290748","-"
"110/10/11","110/4","2107","厚生","橡膠工業","232755","314978","157148","-26.104362844389133","48.11197088095299","1167168","1131957","3.1106305274847013","-"
"110/10/11","110/4","2108","南帝","橡膠工業","2628840","2440735","949619","7.706899765849221","176.83102381060195","9582968","3597602","166.37098823049354","主係銷售量值增加"
"110/10/11","110/4","2109","華豐","橡膠工業","445936","502681","278982","-11.288471217332662","59.84400427267709","1762887","1444680","22.026123432178753","因疫情因素，致使109年4月營收驟降。"
"110/10/11","110/4","2114","鑫永銓","橡膠工業","166373","163946","120165","1.4803654861966744","38.45379270170183","581759","509386","14.207889498337213","-"
"110/10/11","110/4","2115","六暉-KY","汽車工業","296464","349609","195847","-15.201267701918429","51.37530827635859","1164836","726801","60.26890441812821","市場需求強勁復甦，以及去年因肺炎疫情影響營收基期較低，故本年(月)營收較去年同期大幅成長。"
"110/10/11","110/4","2201","裕隆","汽車工業","5907703","7288188","6645932","-18.941402170196486","-11.107983048878623","26754851","23803598","12.398348350530874","-"
"110/10/11","110/4","2204","中華","汽車工業","2621175","2725690","2160397","-3.834441921128228","21.3283947348566","11265861","9822616","14.69308176151852","-"
"110/10/11","110/4","2206","三陽工業","汽車工業","3712547","3676163","2745381","0.9897276045703087","35.228844375334425","13629690","10946577","24.51097726714022","-"
"110/10/11","110/4","2207","和泰車","汽車工業","20954091","22342701","18597939","-6.21504982768198","12.668887665455834","86537706","75115180","15.206681259367281","-"
"110/10/11","110/4","2208","台船","航運業","1111284","1296458","1831850","-14.283069717646079","-39.335425935529656","5639439","7330359","-23.067355909853802","-"
"110/10/11","110/4","2211","長榮鋼","鋼鐵工業","788423","1200293","683738","-34.314121635300715","15.310689182113617","3836620","3116865","23.092273807174838","-"
"110/10/11","110/4","2227","裕日車","汽車工業","2590565","2564616","2530300","1.0118083954868877","2.3817333912974745","10491449","9890934","6.0713679820328394","-"
"110/10/11","110/4","2228","劍麟","汽車工業","303370","379937","193910","-20.15255160724015","56.448868031561034","1289487","1139990","13.113886963920736","主係去年同期疫情影響營收,本期逐步恢復"
"110/10/11","110/4","2231","為升","汽車工業","402870","444133","204524","-9.290685447827565","96.9793276094737","1565613","1066639","46.780025856920666","因去年受疫情影響，故造成該差異。"
"110/10/11","110/4","2233","宇隆","汽車工業","309068","284093","185144","8.791135297244212","66.93384608736983","1096143","745913","46.95319695460463","主係因新冠肺炎影響趨緩，客戶需求及訂單明顯回升。"
"110/10/11","110/4","2236","百達-KY","汽車工業","92363","114902","78782","-19.615846547492644","17.23870934985149","417494","373305","11.837237647500034","-"
"110/10/11","110/4","2239","英利-KY","汽車工業","1866501","1324061","1761050","40.96790102570803","5.987961727378552","6302004","5378937","17.160769869585756","-"
"110/10/11","110/4","2241","艾姆勒","汽車工業","85375","86599","70499","-1.4134112403145533","21.101008524943616","323146","283369","14.037174143960701","-"
"110/10/11","110/4","2243","宏旭-KY","汽車工業","49519","162410","16383","-69.50988239640417","202.25843862540438","241270","53242","353.15728184515984","本月認列合約收入金額較去年同期大幅增加"
"110/10/11","110/4","2247","汎德永業","汽車工業","4073587","3858031","3112325","5.587202383806662","30.885656221634953","14385552","11224496","28.162119706755654","-"
"110/10/11","110/4","2250","IKKA-KY","汽車工業","306118","0","255124","","19.987927439206032","1269634","1084016","17.12317899366799","-"
"110/10/11","110/4","2301","光寶科","電腦及週邊設備業","13642841","13238485","13747339","3.0543978408405494","-0.760132560926882","51360355","46332609","10.851420000975986","-"
"110/10/11","110/4","2302","麗正","半導體業","65856","59434","45539","10.80526298078541","44.61450624739234","230431","143990","60.03264115563581","係訂單需求增加"
"110/10/11","110/4","2303","聯電","半導體業","16382058","16619555","15059189","-1.4290214148333094","8.784463758307304","63479070","57327036","10.731470575244812","-"
"110/10/11","110/4","2305","全友","電腦及週邊設備業","53021","49460","50546","7.199757379700769","4.8965298935623","194271","136660","42.15644665593444","-"
"110/10/11","110/4","2308","台達電","電子零組件業","26438926","27025895","23297541","-2.171876269037529","13.483762084590817","98924209","78975882","25.258758110482386","-"
"110/10/11","110/4","2312","金寶","其他電子業","11601677","12131724","6350578","-4.3690987365027425","82.68694597562616","45615508","34526882","32.115920574583015","去年同期營收較低，係海外子公司因疫情使工廠產線減班，出貨及物流均受影響所致"
"110/10/11","110/4","2313","華通","電子零組件業","4520054","4527394","4630415","-0.1621241712119599","-2.3833932811637832","17927756","16720078","7.2229208500103885","-"
"110/10/11","110/4","2314","台揚","通信網路業","310826","323439","321650","-3.899653412235383","-3.365148453287735","1312127","1225148","7.099468798871647","-"
"110/10/11","110/4","2316","楠梓電","電子零組件業","398406","443980","452054","-10.264876796252084","-11.867608737009295","1570562","1540782","1.9327847807152472","-"
"110/10/11","110/4","2317","鴻海","其他電子業","500490784","441217054","380925137","13.434143005723437","31.388227078330093","1843819281","1310605263","40.68456254932649","-"
"110/10/11","110/4","2321","東訊","通信網路業","81357","92092","98470","-11.656821439430136","-17.37889712602823","328519","349573","-6.0227763585860465","-"
"110/10/11","110/4","2323","中環","光電業","637002","777627","689299","-18.083862828836963","-7.586983297524006","2847992","3359102","-15.21567371279586","-"
"110/10/11","110/4","2324","仁寶","電腦及週邊設備業","89350327","108148060","94304826","-17.381479612301877","-5.253706740310406","359341861","276352091","30.030447643690888","無"
"110/10/11","110/4","2327","國巨","電子零組件業","9017470","8726347","4440896","3.3361382489144655","103.05519426710285","32761573","14461052","126.55041279154518","與去年同期比較營收增加，主要是因終端市場的強勁需求所致。"
"110/10/11","110/4","2328","廣宇","電子零組件業","1644004","1769020","1766744","-7.066963629580219","-6.947243064077195","6428571","6475592","-0.7261266614697158","-"
"110/10/11","110/4","2329","華泰","半導體業","1368280","1430899","1217418","-4.3761998575720575","12.391963976218522","5157176","4859951","6.115802402122984","-"
"110/10/11","110/4","2330","台積電","半導體業","111314794","129127388","96001572","-13.79459019181895","15.95101171884977","473725024","406598755","16.50921656166901","無"
"110/10/11","110/4","2331","精英","電腦及週邊設備業","2244933","2271753","2679634","-1.1805860936466244","-16.222402014603485","8756096","6794196","28.876117203566103","-"
"110/10/11","110/4","2332","友訊","通信網路業","1155108","1377451","818836","-16.1416268164893","41.06707570258269","5052754","4490368","12.524274179755423","-"
"110/10/11","110/4","2337","旺宏","半導體業","3810816","3608192","3428450","5.615665685196353","11.152736659423354","13437960","12843608","4.627609313520002","-"
"110/10/11","110/4","2338","光罩","半導體業","479967","423009","354049","13.46496173840273","35.56513363969394","1756030","1459917","20.2828653957725","本公司合併美祿/群豐/昱嘉/艾格生之營收"
"110/10/11","110/4","2340","光磊","光電業","509918","534794","464285","-4.651510675138464","9.8286612748635","2093328","1628364","28.554057937905775","-"
"110/10/11","110/4","2342","茂矽","半導體業","138952","148171","163441","-6.22186527728098","-14.983388501049308","550076","560389","-1.8403287716211418","-"
"110/10/11","110/4","2344","華邦電","半導體業","8304909","7967337","4348589","4.236948932874309","90.979395845411","29630267","15897592","86.38210742859674","本公司之子公司新唐科技109/9/1完成對日本Panasonic Corporation半導體相關事業之併購，自完成日起該事業併入本公司合併財報"
"110/10/11","110/4","2345","智邦","通信網路業","4624529","5190400","4071989","-10.902261868064118","13.569290093858308","17822908","15796241","12.830058746254885","-"
"110/10/11","110/4","2347","聯強","電子通路業","31828300","33106288","23098277","-3.8602576042351835","37.79512645034087","118572911","91803633","29.15927956794477","本月營收係當月自結數，前期調整數反應在本年累計營收內"
"110/10/11","110/4","2348","海悅","其他","423915","426526","172928","-0.6121549448333747","145.13959566987415","1658921","711523","133.1507203561937","本月及本年度增減百分比達50％以上，係因個案銷售狀況良好"
"110/10/11","110/4","2349","錸德","光電業","660828","643418","499558","2.7058615083817985","32.282537763382834","2426992","2072097","17.12733525505804","-"
"110/10/11","110/4","2351","順德","半導體業","920273","880609","680637","4.504155646830773","35.20760699168573","3372067","2620452","28.682647115841085","-"
"110/10/11","110/4","2352","佳世達","電腦及週邊設備業","17346469","18759655","14487094","-7.533112949038775","19.73739522916052","68250150","53687260","27.12541113105791","-"
"110/10/11","110/4","2353","宏碁","電腦及週邊設備業","24949924","27744277","19747695","-10.07181769415004","26.343474516899313","96507474","68602198","40.676941575545435","-"
"110/10/11","110/4","2354","鴻準","其他電子業","6833936","6144417","7225381","11.221878332801957","-5.417638184062543","26957937","18419491","46.35549375387192","-"
"110/10/11","110/4","2355","敬鵬","電子零組件業","1406327","1620374","1002271","-13.209728124494715","40.31404679971784","5685749","5127890","10.878919009573139","-"
"110/10/11","110/4","2356","英業達","電腦及週邊設備業","38194670","41001056","49286244","-6.844667610512276","-22.504401025162316","150042859","137965354","8.754012982128833","-"
"110/10/11","110/4","2357","華碩","電腦及週邊設備業","39139014","45901778","22735388","-14.733119924025601","72.15019158678972","155300696","93493355","66.10880634244006","主要係本月(年)受惠於後疫情時代下對筆電的需求大幅增加，及本公司執行品牌金三角策略，推動主要產品市占率增加所致。"
"110/10/11","110/4","2358","廷鑫","其他","162805","164262","168250","-0.8869976013928967","-3.236255572065379","542789","461676","17.569247697519472","-"
"110/10/11","110/4","2359","所羅門","其他電子業","330294","374943","377456","-11.908210047927286","-12.494701369166208","1287867","1065015","20.924775707384402","-"
"110/10/11","110/4","2360","致茂","其他電子業","1461163","1476345","1159307","-1.0283504194480289","26.037624201354774","5734441","4530256","26.580948184826642","-"
"110/10/11","110/4","2362","藍天","電腦及週邊設備業","1858099","1908985","1745563","-2.6656050204689925","6.446974414558512","7462029","5173914","44.22406325269419","-"
"110/10/11","110/4","2363","矽統","半導體業","16253","21869","26407","-25.680186565457955","-38.451925625781044","67405","55180","22.1547662196448","-"
"110/10/11","110/4","2364","倫飛","電腦及週邊設備業","93000","73057","70925","27.297863312208275","31.124427211843496","278270","245882","13.172172017471796","-"
"110/10/11","110/4","2365","昆盈","電腦及週邊設備業","87361","165596","116524","-47.24449865938791","-25.027462153719405","519143","451582","14.960959471369542","-"
"110/10/11","110/4","2367","燿華","電子零組件業","1027439","1103001","776210","-6.850583091039809","32.36611226343386","4439031","4408272","0.697756399786583","-"
"110/10/11","110/4","2368","金像電","電子零組件業","2128600","2164805","2233286","-1.6724370093380234","-4.687532183517919","7913481","7295187","8.47536876025248","-"
"110/10/11","110/4","2369","菱生","半導體業","651712","642876","441899","1.3744485717307848","47.47985399378591","2362492","1723636","37.06443819924856","-"
"110/10/11","110/4","2371","大同","電機機械","2218017","2288969","2438131","-3.099736169428245","-9.027980859108883","8786106","11522043","-23.745242054729356","-"
"110/10/11","110/4","2373","震旦行","其他電子業","1204461","1152001","1102307","4.553815491479608","9.267291235563233","4427220","3516749","25.889564481286552","-"
"110/10/11","110/4","2374","佳能","光電業","258395","245838","271470","5.107835241093729","-4.816370132979703","874154","1007223","-13.211473526716526","-"
"110/10/11","110/4","2375","凱美","電子零組件業","695096","631854","417592","10.008957765559765","66.45338033295657","2411641","1300530","85.43524563062752","2021年1月底凱美公司因帛漢及旺詮股權轉換案，本年累計營收已排除帛漢並計入旺詮。"
"110/10/11","110/4","2376","技嘉","電腦及週邊設備業","11047434","11009777","6165821","0.34203235905686374","79.17214917526798","39412906","23398968","68.43865079861642","本月營收較去年同期增加,主要係板卡及網通產品銷售成長所致。"
"110/10/11","110/4","2377","微星","電腦及週邊設備業","15077434","17725961","10608256","-14.941514313384758","42.12924348733666","63082394","39111798","61.28737932221883","營收增加60%以上，係市場需求持續暢旺所致"
"110/10/11","110/4","2379","瑞昱","半導體業","7811945","8055459","5533446","-3.0229686477207567","41.17685435079695","31152691","21461478","45.15631682030473","無"
"110/10/11","110/4","2380","虹光","電腦及週邊設備業","286603","279749","90226","2.4500534407629697","217.6501230244054","919027","384848","138.80259219224214","海外及中國地區銷售增加"
"110/10/11","110/4","2382","廣達","電腦及週邊設備業","84836851","94452281","83397185","-10.180198824420133","1.7262764924259735","353790463","273661223","29.28045088799446","-"
"110/10/11","110/4","2383","台光電","電子零組件業","2951523","2818344","2227024","4.725434510478494","32.53215950973137","10955235","8136011","34.651182256267845","-"
"110/10/11","110/4","2385","群光","電子零組件業","8004716","9093560","8891424","-11.973792442123877","-9.972620808545402","33141763","27001644","22.73979688051587","-"
"110/10/11","110/4","2387","精元","電腦及週邊設備業","2160395","2017906","1707168","7.061230800641853","26.54847091791786","7392979","4435622","66.67288150342839","因疫情居家辦公及客戶NB新機型導入出貨量增加，連帶鍵盤出貨量增加所致"
"110/10/11","110/4","2388","威盛","半導體業","468545","545881","446621","-14.167190285062128","4.908860084948984","2037899","1963056","3.812575902062906","-"
"110/10/11","110/4","2390","云辰","其他電子業","72128","41920","45504","72.06106870229007","58.50914205344585","210801","178781","17.910180612033717","主係去年受疫情影響，整體經濟受到衝擊，而本年度因疫情趨緩，客戶積極下單，以致營收較去年同期上升。"
"110/10/11","110/4","2392","正崴","電子零組件業","6391299","6349181","7059919","0.6633611484693852","-9.47064690118966","26265461","23258897","12.926511519441355","-"
"110/10/11","110/4","2393","億光","光電業","2066504","2179112","1935293","-5.167609558388921","6.779903611494487","7953077","6453025","23.245718093452297","-"
"110/10/11","110/4","2395","研華","電腦及週邊設備業","4675360","5031322","4393004","-7.074919871954131","6.4274013863861725","17836762","15665193","13.86238267220838","-"
"110/10/11","110/4","2397","友通","電腦及週邊設備業","692175","742104","686427","-6.728032728566347","0.8373796485278114","2700293","2862748","-5.674792192676407","-"
"110/10/11","110/4","2399","映泰","電腦及週邊設備業","212013","232781","132571","-8.921690344143208","59.92411613399612","807539","670141","20.502849400350076","主要係主機板及顯示卡等產品之銷售成長,使本月營收較去年同期增加"
"110/10/11","110/4","2401","凌陽","半導體業","669462","643396","493015","4.051315208673974","35.78937760514386","2367789","1527193","55.041897127606006","受惠於新冠疫情影響，耳溫槍、視訊相關產品、筆記型電腦及相關周邊市場需求增加所致。"
"110/10/11","110/4","2402","毅嘉","電子零組件業","543979","539899","425864","0.7556968988644173","27.735380309206697","2155584","1554123","38.700990848214715","-"
"110/10/11","110/4","2404","漢唐","其他電子業","1926907","2432003","3044693","-20.768724380685384","-36.71260123762888","7721334","9891367","-21.938656203940265","-"
"110/10/11","110/4","2405","浩鑫","電腦及週邊設備業","134823","145621","137182","-7.415139299963604","-1.7196133603533992","528988","622076","-14.964087989248902","-"
"110/10/11","110/4","2406","國碩","光電業","706188","745571","578717","-5.282260173746028","22.026482719533035","2954374","2676464","10.383476108776355","-"
"110/10/11","110/4","2408","南亞科","半導體業","7394273","6407616","5619678","15.398191776785625","31.578232774190976","25124886","20038548","25.38276725439388","-"
"110/10/11","110/4","2409","友達","光電業","29600923","30720172","20163563","-3.6433682728078476","46.804029625121316","112541542","73853746","52.38433809437371","本期營收較去年同期增加主要係市場價格上漲及出貨量增加所致。"
"110/10/11","110/4","2412","中華電","通信網路業","16340190","16224413","15717512","0.7135974657449856","3.9616829941023743","66441185","63867511","4.029707686588883","-"
"110/10/11","110/4","2413","環科","電子零組件業","325289","370578","317379","-12.221178807160706","2.4922883996735763","1414242","1090200","29.72317006053935","-"
"110/10/11","110/4","2414","精技","電子通路業","1687495","1934645","1578901","-12.774953544448723","6.877821978705441","7237776","6508421","11.206327925006695","-"
"110/10/11","110/4","2415","錩新","電子零組件業","249181","227538","158948","9.511817806256538","56.76888038855475","876904","679054","29.136121722278347","去年同期受新冠肺炎疫情影響，營收大幅減少。"
"110/10/11","110/4","2417","圓剛","電腦及週邊設備業","471004","439599","317136","7.144010791653302","48.51798597447152","1749841","980256","78.50857327065583","本年累計營收較去年同期增加主要係因出貨量增加所致。"
"110/10/11","110/4","2419","仲琦","通信網路業","749862","945583","567011","-20.698447412865924","32.24822798852227","3570105","2014536","77.21723513503854","配合客戶需求出貨量增加"
"110/10/11","110/4","2420","新巨","電子零組件業","247947","190555","178067","30.118338537430137","39.24365547799424","817347","730957","11.818752676286019","-"
"110/10/11","110/4","2421","建準","電子零組件業","1122420","1212334","1251738","-7.416603015340657","-10.331075672385115","4152700","3499705","18.658572651123453","-"
"110/10/11","110/4","2423","固緯","其他電子業","206478","240773","177106","-14.243706727913844","16.58441837091911","789320","714461","10.477688775174572","-"
"110/10/11","110/4","2424","隴華","電腦及週邊設備業","1147","2023","745","-43.30202669303015","53.95973154362416","6453","6254","3.1819635433322673","主要係本年資訊服務收入較去年增加"
"110/10/11","110/4","2425","承啟","電腦及週邊設備業","470447","446647","265630","5.328592826102045","77.10612506117532","1691971","769127","119.98590609873271","本月及本年營業收入較同期增加主係去年同期受新型冠狀肺炎疫情之影響，客戶尚未全面復工故本月及本年營業收入較去年同期增加。"
"110/10/11","110/4","2426","鼎元","光電業","279978","277218","222865","0.9956063459082743","25.626724698808697","1039412","714502","45.47363058465896","-"
"110/10/11","110/4","2427","三商電","資訊服務業","272306","187805","164422","44.994009744149515","65.6140905718213","956060","714199","33.864651168651875","本月營收較去年本月增加65.61%，主係:大型專案認列收入所致"
"110/10/11","110/4","2428","興勤","電子零組件業","629181","604446","507037","4.092176968662213","24.089760707798444","2387326","1602528","48.97249845244514","-"
"110/10/11","110/4","2429","銘旺科","光電業","105950","109721","63948","-3.4368990439387175","65.68149121160943","369023","243705","51.422006113949244","1.主係光學面板產品需求增加 2.新增合併公司-富動科技股份有限公司"
"110/10/11","110/4","2430","燦坤","電子通路業","1694800","1520609","1440824","11.455344536300917","17.627135583527203","6941034","5961353","16.43386996207069","-"
"110/10/11","110/4","2431","聯昌","電子零組件業","158564","156444","129336","1.355117486129222","22.598503123646935","641105","748422","-14.339102805636392","-"
"110/10/11","110/4","2433","互盛電","其他電子業","335134","330570","337620","1.3806455516229543","-0.7363307860908714","1327391","1316895","0.7970263384704172","-"
"110/10/11","110/4","2434","統懋","半導體業","13600","13311","11065","2.1711366538952745","22.91007681879801","47236","42181","11.984068656504114","-"
"110/10/11","110/4","2436","偉詮電","半導體業","270935","297928","235845","-9.060242743213125","14.878415908753631","1023527","710674","44.022012906058194","-"
"110/10/11","110/4","2438","翔耀","光電業","33949","35489","28547","-4.339372763391474","18.92317931831716","131817","139551","-5.542059892082465","-"
"110/10/11","110/4","2439","美律","通信網路業","2830459","2494730","2068643","13.457528470014791","36.82684735838905","10565508","7259250","45.545448910011366","-"
"110/10/11","110/4","2440","太空梭","電子零組件業","410043","437178","247933","-6.206853958799391","65.38459987173954","1429895","757448","88.77797551779132","主係本期間疫情趨緩，客戶產品補貨需求增高，加上銅價較去年同期上揚，致本期營收增幅較大。"
"110/10/11","110/4","2441","超豐","半導體業","1591489","1569690","1158422","1.3887455484840956","37.38421749586938","5807087","4431121","31.05232287721324","-"
"110/10/11","110/4","2442","新美齊","電腦及週邊設備業","874108","8948","307611","9668.752793920428","184.16018933003045","1093122","1167269","-6.352177604305434","本月營收較去年同期增加，主係營建專案交屋認列收入增加所致。"
"110/10/11","110/4","2443","億麗","其他","10780","106623","22908","-89.8896110595275","-52.942203596996684","164141","189656","-13.453304931033028","因大宗物資訂單變動，營業收入因而產生差異。"
"110/10/11","110/4","2444","兆勁","通信網路業","103635","181116","73511","-42.77976545418406","40.97890111683966","547967","467708","17.16006568200672","-"
"110/10/11","110/4","2449","京元電子","半導體業","2757602","2666096","2584819","3.432209492831466","6.6845299419417765","10388492","9585973","8.371805345164232","-"
"110/10/11","110/4","2450","神腦","通信網路業","2205259","2376624","1811444","-7.210437999447956","21.740390539260392","9749043","8539581","14.163013384380335","-"
"110/10/11","110/4","2451","創見","半導體業","1289337","1347613","790267","-4.324386897425299","63.15207391932094","4787957","4010677","19.38026921639414","去年同期受疫情影響，基期較低"
"110/10/11","110/4","2453","凌群","資訊服務業","453411","421786","438122","7.497878070870062","3.489667261630322","1631834","1473598","10.738071034298363","-"
"110/10/11","110/4","2454","聯發科","半導體業","36571590","40146677","20545910","-8.905063300755875","77.99936824409335","144604572","81408885","77.62750589201657","(1)差異原因說明：主要產品線如智慧型手機、物聯網與電視晶片皆成長。(2)海外子公司之營收係以當月平均匯率換算之。"
"110/10/11","110/4","2455","全新","通信網路業","288878","341623","197081","-15.439534223398308","46.578310440884714","1178095","846716","39.136971546539804","-"
"110/10/11","110/4","2456","奇力新","電子零組件業","1623774","1555260","1573110","4.405308437174492","3.220626656750005","5986493","5193985","15.258188077170034","2021年1月底奇力新公司因旺詮及帛漢股權轉換案，累計營收已排除旺詮並計入帛漢。"
"110/10/11","110/4","2457","飛宏","電子零組件業","995845","912335","744969","9.153435963763311","33.676032157042776","3538334","2344122","50.9449593493854","工具機及手機電源拉貨動能提升及去年同期疫情關係營收少基期低，故營收較去年同期成長。"
"110/10/11","110/4","2458","義隆","半導體業","1712236","1711954","1039028","0.016472405216495303","64.79209414953206","5868057","3245269","80.81881656035293","居家辦公及授課市場需求增加"
"110/10/11","110/4","2459","敦吉","其他電子業","593108","542981","504836","9.231814741215622","17.485282349119316","2109355","1874356","12.537586242954914","-"
"110/10/11","110/4","2460","建通","電子零組件業","424145","360839","303930","17.544112471212923","39.553515612147535","1357008","793028","71.11728715757829","係因2020年受新冠疫情之影響，營收大幅減少。"
"110/10/11","110/4","2461","光群雷","其他電子業","538401","609686","501757","-11.692084121990664","7.303136777364342","2022151","1661837","21.681669140836316","-"
"110/10/11","110/4","2462","良得電","電子零組件業","449291","359034","420538","25.138844789072902","6.837194260685123","1526241","1120993","36.15080558040951","-"
"110/10/11","110/4","2464","盟立","其他電子業","768132","755086","682953","1.727750216531627","12.472161334674567","3053444","2780374","9.821340582238216","-"
"110/10/11","110/4","2465","麗臺","電腦及週邊設備業","1025636","688187","429844","49.034492078461234","138.60656424191103","2664992","1205055","121.15106779358618","本月及累計較去年同期分別成長138.61%及121.15%；主系大陸市場之人工智能行業應用對 RTX QUADRO、Geforce及DGX A100的需求增加。"
"110/10/11","110/4","2466","冠西電","光電業","70422","79317","60305","-11.214493740307878","16.776386700936904","286427","206605","38.635076595435734","-"
"110/10/11","110/4","2467","志聖","電子零組件業","609269","572326","293200","6.45488759902573","107.79979536152797","1992967","1060588","87.91151700754676","2020年初受疫情影響，出貨遞減，營收下滑，2020下半年客戶需求提升，致使近期營收較去年同期增加。"
"110/10/11","110/4","2468","華經","資訊服務業","226481","207303","162323","9.251192698610247","39.52489788877732","761080","699796","8.75740930213948","-"
"110/10/11","110/4","2471","資通","資訊服務業","61894","48730","45947","27.014159655243176","34.70738024245326","234209","233872","0.14409591571457891","-"
"110/10/11","110/4","2472","立隆電","電子零組件業","815338","762937","683639","6.868325956140547","19.26440709204712","2940516","2251286","30.614946301802615","-"
"110/10/11","110/4","2474","可成","其他電子業","3803553","4551809","7719226","-16.438651094542852","-50.72623861511504","16432931","25335600","-35.13897046053774","無"
"110/10/11","110/4","2476","鉅祥","電子零組件業","542646","514086","421577","5.555490715561209","28.71812266798236","1917395","1457428","31.560186849710586","-"
"110/10/11","110/4","2477","美隆電","其他電子業","286328","226150","235872","26.60977227503869","21.391263057929724","1010113","780228","29.463823395212682","-"
"110/10/11","110/4","2478","大毅","電子零組件業","537860","610168","481418","-11.850506745683155","11.724115010240581","2137352","1570100","36.12839946500223","-"
"110/10/11","110/4","2480","敦陽科","資訊服務業","459133","529913","431961","-13.356909530432354","6.290382696586034","1903474","1739722","9.412538325088722","-"
"110/10/11","110/4","2481","強茂","半導體業","1145856","1160152","872902","-1.2322523255573408","31.269718708400255","4275335","3011367","41.973230097826004","本月營收淨額含二極體$1,130,043仟元及其他$24,459仟元，減銷退/折$8,646仟元。"
"110/10/11","110/4","2482","連宇","其他電子業","66909","63856","72390","4.781069907291406","-7.571487774554496","267656","325982","-17.89239896681412","-"
"110/10/11","110/4","2483","百容","電子零組件業","172975","166526","168236","3.8726685322412115","2.8168762928267435","646076","555033","16.40316882059265","-"
"110/10/11","110/4","2484","希華","電子零組件業","273894","261715","219234","4.653535334237625","24.932264156107173","1003502","747291","34.28530518900937","-"
"110/10/11","110/4","2485","兆赫","通信網路業","521919","478470","736342","9.080820114113738","-29.12002846503391","1925317","2191093","-12.129836570150148","-"
"110/10/11","110/4","2486","一詮","光電業","490178","494440","355583","-0.8619852762721463","37.8519220547664","1800590","1179284","52.6850190454547","本公司因新產品應用持續開發及出貨，使營業收入已逐月成長。"
"110/10/11","110/4","2488","漢平","其他電子業","208052","161202","99767","29.06291485217305","108.53789329136889","713448","294477","142.27630680834156","本月及本年累計營收較去年同期增加主要係因訂單量增加所致。"
"110/10/11","110/4","2489","瑞軒","光電業","1462046","1869872","1045391","-21.810369907672825","39.85637909643378","5969527","4019641","48.50895888463671","-"
"110/10/11","110/4","2491","吉祥全","光電業","218921","10301","20970","2025.240267935152","943.9723414401526","351935","70848","396.74655600722673","本期認列透過損益按公允價值衡量金融資產之未實現評價調整"
"110/10/11","110/4","2492","華新科","電子零組件業","3948602","3757920","2720924","5.074136756503598","45.11989309513974","14411193","9095207","58.44821343813285","4月合併營收39.5億,較 3月增5.1%,與去年4月比增45.1%,累計較去年增58.5%,受5G應用、雲端及筆電遊戲機需求影響。"
"110/10/11","110/4","2493","揚博","電子零組件業","215669","248287","238173","-13.137216205439673","-9.448594089170477","982273","844393","16.32888950997936","-"
"110/10/11","110/4","2495","普安","其他電子業","95003","98296","97463","-3.350085456173191","-2.5240347619096477","340011","339474","0.15818589936195407","-"
"110/10/11","110/4","2496","卓越","其他","55209","58725","72651","-5.987228607918263","-24.007928314820166","211557","272579","-22.38690434699665","去年本月營收扣除已出售部門為新台幣54,357仟元，成長1.57%；去年累計營收扣除已出售部門為新台幣208,492仟元，成長1.47%。"
"110/10/11","110/4","2497","怡利電","汽車工業","185709","178240","68523","4.190417414721724","171.01703077798695","703248","477096","47.40178077368077","109/4係因受新冠肺炎疫情影響，車廠停工，致營收大幅減少，110/4疫情趨緩訂單增加"
"110/10/11","110/4","2498","宏達電","通信網路業","380022","454722","297166","-16.427619512581312","27.882059185774953","1555109","1626916","-4.413688229754947","-"
"110/10/11","110/4","2501","國建","建材營造","476802","674255","339033","-29.284617837465053","40.63586730495261","3234615","1179342","174.27285723734082","本年交屋入帳較多"
"110/10/11","110/4","2504","國產","建材營造","2039703","1957707","1581729","4.188369352512915","28.95401171755718","7132893","5517015","29.288990513892024","-"
"110/10/11","110/4","2505","國揚","建材營造","1482218","1056502","112108","40.29485982989147","1222.1340136297142","3347599","337115","893.0139566616733","本年度營建收入3,341,520仟元，租賃收入6,079仟元。"
"110/10/11","110/4","2506","太設","建材營造","141539","113879","74523","24.288938259029322","89.92659984165962","1195607","227296","426.0132162466563","因本期建案完工交屋"
"110/10/11","110/4","2509","全坤建","建材營造","94154","103268","40581","-8.82558004415695","132.0149823809172","465316","353761","31.534001769556284","本月營收較去年同期增加,主要係認列於屋銷售所致."
"110/10/11","110/4","2511","太子","建材營造","954929","1113554","747117","-14.244931094495643","27.815188250300825","4183722","3370670","24.121376462246378","-"
"110/10/11","110/4","2514","龍邦","其他","670879","1023200","821807","-34.43324863174355","-18.36538262633441","3002237","2439413","23.07210792104494","-"
"110/10/11","110/4","2515","中工","建材營造","1331837","1232070","1104846","8.097510693385928","20.545035235679904","5174534","3967715","30.415969897031413","-"
"110/10/11","110/4","2516","新建","建材營造","728707","455448","433300","59.997848272470186","68.17609046849758","2265523","1429554","58.477609100460704","因多個工地進入發展及高峰期，故本期及累計營收較去年同期增加。"
"110/10/11","110/4","2520","冠德","建材營造","1369639","1957988","1858612","-30.048651983566803","-26.308503334746575","6290304","5755886","9.284721761341347","-"
"110/10/11","110/4","2524","京城","建材營造","562885","605343","863045","-7.0138747784314015","-34.779183008997215","2027118","2588112","-21.675800738144254","-"
"110/10/11","110/4","2527","宏璟","建材營造","503674","567889","193645","-11.307667519532867","160.10173255183454","2211994","824696","168.21931960382977","本月及本年累計營收較去年高,主要係因本月及本年房地銷售收入較高所致"
"110/10/11","110/4","2528","皇普","建材營造","138013","139872","21","-1.329072294669412","657104.7619047619","724723","84","862665.4761904762","主係110年4月皇普文苑建案認列137,992仟元收入及認列租賃收入21仟元所致。"
"110/10/11","110/4","2530","華建","建材營造","745","752","655","-0.9308510638297872","13.740458015267176","2955","2872","2.8899721448467965","-"
"110/10/11","110/4","2534","宏盛","建材營造","169642","337783","103648","-49.777815935082586","63.6712719975301","1057516","787838","34.230133606147454","無異常，本月因有個案銷售認列收入，及租賃收入"
"110/10/11","110/4","2535","達欣工","建材營造","1176113","1222518","734826","-3.7958541305731286","60.05326431019044","4252211","3058410","39.033386629000034","本公司單月營收較去年增加50%以上，係因交屋認列營建收入較去年同期增加所致。"
"110/10/11","110/4","2536","宏普","建材營造","25104","53142","529283","-52.76052839561928","-95.2569797254021","198057","1570195","-87.3864711070918","今年本期餘屋銷售交屋量較去年同期減少,因此營收較少"
"110/10/11","110/4","2537","聯上發","建材營造","114","114","599965","0.0","-99.98099889160201","3417","917877","-99.62772789818244","本月營收為租金收入。"
"110/10/11","110/4","2538","基泰","建材營造","15527","34586","11223","-55.10611229977447","38.34981733939232","95489","110894","-13.891644272909264","-"
"110/10/11","110/4","2539","櫻花建","建材營造","263","234","689502","12.393162393162394","-99.96185652833495","166361","1393746","-88.06375049686241","無異常。本月僅有租賃收入，無建案交屋入帳，致本期營收較去年同期減少。"
"110/10/11","110/4","2540","愛山林","建材營造","428651","492359","219377","-12.939338978265859","95.3946858604138","1633198","1026100","59.16557840366436","本月營收增加，主係不動產代銷個案銷售成長及增加營造收入所致。"
"110/10/11","110/4","2542","興富發","建材營造","3850224","4831866","5839412","-20.316002140787845","-34.06486817508338","12513863","7912894","58.145212105709994","本期較去年增加，主要係本期認列「光武段」、「柏克萊公園」及「果貿段」建案完工並完成產權移轉所致。"
"110/10/11","110/4","2543","皇昌","建材營造","664031","598953","502986","10.865293270089639","32.01778975955593","2181422","1742482","25.19050411998517","-"
"110/10/11","110/4","2545","皇翔","建材營造","1131071","370117","257566","205.59822974897128","339.1383179456916","2253051","1306967","72.38774965243958","因本月成屋銷售情形較去年同期佳所致"
"110/10/11","110/4","2546","根基","建材營造","808580","1036153","1274783","-21.963262182322495","-36.571165445413065","3453845","4046987","-14.6563851082299","-"
"110/10/11","110/4","2547","日勝生","建材營造","430805","398647","400470","8.066785903317973","7.574849551776662","1532338","1824105","-15.995077037780172","-"
"110/10/11","110/4","2548","華固","建材營造","1110724","972651","2623716","14.195533649788054","-57.6659973869123","2261007","3643167","-37.938420061446536","本公司截至4月底累計營收較去年同期減少，係因本期認列交屋金額較低所致。"
"110/10/11","110/4","2597","潤弘","建材營造","1897598","1591181","925927","19.257205811281054","104.94034626919833","6525024","3654048","78.5697396421722","主係業務正於大量施工階段，以致營收較去年同期增加。"
"110/10/11","110/4","2601","益航","貿易百貨","503140","618907","412721","-18.705072005971818","21.90802018797202","2294116","1624903","41.184796877105896","-"
"110/10/11","110/4","2603","長榮","航運業","27749820","32172484","14215784","-13.746728415499406","95.20428841631247","117702880","57643458","104.19121975645528","整體運價上漲，導致收入增加。"
"110/10/11","110/4","2605","新興","航運業","255934","281722","311151","-9.153704715996621","-17.746046131942368","1046615","1468643","-28.735914718553115","-"
"110/10/11","110/4","2606","裕民","航運業","1137489","979826","536395","16.090918183432567","112.0618201139086","3600004","2438868","47.60962872939413","110年度4月份波羅的海指數較去年同期增加272.74%,致營業收入增加。"
"110/10/11","110/4","2607","榮運","航運業","572772","611603","567676","-6.349053225703602","0.8976951641429266","2270209","2356475","-3.6608069255986164","-"
"110/10/11","110/4","2608","嘉里大榮","航運業","990238","1107262","954868","-10.568772341144191","3.7041769124109303","4058860","3918499","3.5820093357175797","-"
"110/10/11","110/4","2609","陽明","航運業","21697633","21007470","10669681","3.28532184027872","103.35784171991646","83980088","45311860","85.33798435994461","整體運價上漲，致營收增加。"
"110/10/11","110/4","2610","華航","航運業","10873663","10426134","8322364","4.292377212876796","30.655941028294365","38665277","40695283","-4.988307858677381","-"
"110/10/11","110/4","2611","志信","航運業","63542","51780","44005","22.71533410583237","44.39722758777412","223854","201645","11.013910585434799","-"
"110/10/11","110/4","2612","中航","航運業","257405","278820","245612","-7.680582454630227","4.80147549793984","1052794","1060409","-0.7181191408220791","-"
"110/10/11","110/4","2613","中櫃","航運業","255825","255735","231528","0.0351926799225761","10.494195086555406","974292","893122","9.088344033625866","-"
"110/10/11","110/4","2614","東森","其他","450475","418638","355061","7.604899698546238","26.87256555915744","1693952","1420058","19.287522058958157","-"
"110/10/11","110/4","2615","萬海","航運業","14939036","12858513","5356326","16.180121293962994","178.9045326964789","53555380","23363665","129.22508091089304","運價上漲及貨量增加"
"110/10/11","110/4","2616","山隆","油電燃氣業","1538012","1563757","1088031","-1.646355539895265","41.357369413187676","5887689","5284804","11.407897057298625","-"
"110/10/11","110/4","2617","台航","航運業","265617","247773","198516","7.201753217662941","33.80130568820649","920175","828464","11.070004248826745","-"
"110/10/11","110/4","2618","長榮航","航運業","8062232","7176470","5889579","12.342586257589037","36.88978448204872","27741042","36122677","-23.20324985880753","-"
"110/10/11","110/4","2630","亞航","航運業","314414","360139","309044","-12.696486634327302","1.7376166500563026","1213764","1120180","8.35437161884697","-"
"110/10/11","110/4","2633","台灣高鐵","航運業","3798528","3471325","2034083","9.425882047921183","86.74400208841035","13665890","11634366","17.461407007481114","去年因新冠疫情爆發，公司以減班因應進而營收驟降，今年因疫情管控得宜，運量回升故較去年同期營收增加。"
"110/10/11","110/4","2634","漢翔","航運業","1964748","1777013","1353940","10.564638525435662","45.11337282302022","6623188","6970717","-4.985556005214384","-"
"110/10/11","110/4","2636","台驊投控","航運業","2061018","1846587","1255540","11.612287966935758","64.15390987144974","7953812","3782952","110.2541084317221","貨量與運價雙漲"
"110/10/11","110/4","2637","慧洋-KY","航運業","1382114","1370721","899913","0.8311684142870795","53.583068585518824","4918976","3691091","33.26618064956946","主係去年因BDI指數下跌及COVID-19疫情影響而使營業收入大幅減少，今年因後疫情經濟復甦，航運需求回溫，營收已漸回穩所致。"
"110/10/11","110/4","2642","宅配通","航運業","321269","316098","301601","1.6358850736164101","6.521198537140129","1369574","1268855","7.937786429497461","-"
"110/10/11","110/4","2701","萬企","觀光事業","27661","21626","14416","27.906223989642097","91.87708102108768","98047","89704","9.300588602514939","本月營業收入增加主要係育樂收入增加"
"110/10/11","110/4","2702","華園","觀光事業","58697","57060","22513","2.8689099193831056","160.724914493848","219005","303201","-27.76903770106299","無"
"110/10/11","110/4","2704","國賓","觀光事業","157530","153624","69542","2.5425714732073113","126.52497771131115","706924","620509","13.926470043142","本月營收較去年同期增加係因國內新冠肺炎疫情緩解，餐飲及客房收入增加所致"
"110/10/11","110/4","2705","六福","觀光事業","124642","89753","36053","38.87223825387452","245.71880287354728","454831","351409","29.430663414995063","去年受新型冠狀病毒疫情影響收入大減，今年疫情穩定營收回穩"
"110/10/11","110/4","2706","第一店","觀光事業","23284","23093","16448","0.8270904603126489","41.561284046692606","92773","91676","1.1966054365373708","-"
"110/10/11","110/4","2707","晶華","觀光事業","470775","455782","267095","3.289511213694266","76.25751137235815","2017402","1630262","23.747103226352575","去年同期因受新冠肺炎影響，營收大幅下降。"
"110/10/11","110/4","2712","遠雄來","觀光事業","40586","32030","18908","26.71245707149547","114.64988364713349","171849","114022","50.71565136552595","本月營收較去年同期成長50.72%，主係去年因受疫情影響營收下降，今年因東部旅遊人次增加，刺激消費情況下所致"
"110/10/11","110/4","2722","夏都","觀光事業","63313","53512","27042","18.31551801465092","134.1283928703498","235648","173009","36.20563092093475","109年因COVID-19影響收入減少"
"110/10/11","110/4","2723","美食-KY","觀光事業","1619180","1693560","1411906","-4.391931788658211","14.680439066056806","6492591","6114678","6.180423564413367","-"
"110/10/11","110/4","2727","王品","觀光事業","1477296","1474029","864279","0.22163743047117798","70.92813778883902","6185327","3823404","61.77539700225244","去年受新冠肺炎影響"
"110/10/11","110/4","2731","雄獅","觀光事業","235259","213394","101070","10.246304957027846","132.76837835163747","790480","4550692","-82.62945503672849","因新型冠狀病毒肺炎疫情影響團體旅遊"
"110/10/11","110/4","2739","寒舍","觀光事業","242789","258064","100348","-5.919074338148676","141.94702435524374","1064725","828393","28.52897115258096","109年4月受新冠肺炎疫情影響營收減少，110年疫情影響趨緩致營收回穩增加"
"110/10/11","110/4","2748","雲品","觀光事業","129175","143389","54008","-9.912894294541422","139.1775292549252","637240","553319","15.166838659073699","市況好轉，本年營收逐步回穩"
"110/10/11","110/4","2753","八方雲集","觀光事業","483391","498583","391694","-3.04703529803463","23.41036625529112","1895944","1601517","18.384256926401655","-"
"110/10/11","110/4","2801","彰銀","金融保險業","2120784","2492038","2491265","-14.897605895255209","-14.87119997270463","9015738","9945578","-9.34928065518163","-"
"110/10/11","110/4","2809","京城銀","金融保險業","906968","1097720","610561","-17.37710891666363","48.54666446104484","3643344","2170641","67.8464564154091","主係去年新冠肺炎疫情影響全球各國經濟及產業發展，以致國內外股票及債券市場相對低迷而認列較多之金融資產處分及評價損失。"
"110/10/11","110/4","2812","台中銀","金融保險業","1171528","1157584","912982","1.20457781033601","28.31884965968661","4433128","3642551","21.70393770739243","-"
"110/10/11","110/4","2816","旺旺保","金融保險業","890448","764633","721021","16.454298990496095","23.49820601619093","3125440","2460070","27.046791351465608","-"
"110/10/11","110/4","2820","華票","金融保險業","251972","247354","187650","1.8669599036199132","34.277644551025844","1043630","761145","37.1131650342576","-"
"110/10/11","110/4","2823","中壽","金融保險業","21246449","31653725","20908977","-32.87851903685901","1.6140053145593876","99970806","91794228","8.907507779247297","-"
"110/10/11","110/4","2832","台產","金融保險業","590966","634431","452919","-6.8510208359931974","30.479401394068255","2334216","1727331","35.13426204936981","-"
"110/10/11","110/4","2834","臺企銀","金融保險業","1864444","1969003","1734157","-5.310250923944758","7.512987578402647","7502796","7233221","3.7269011965761867","-"
"110/10/11","110/4","2836","高雄銀","金融保險業","328407","435125","280218","-24.525825912094227","17.196968074856006","1449171","1277399","13.447012249109322","-"
"110/10/11","110/4","2838","聯邦銀","金融保險業","1651177","1341149","1308269","23.116596291687202","26.210817500070704","5529096","4309926","28.287492639084753","-"
"110/10/11","110/4","2841","台開","建材營造","30361","23233","19726","30.68049756811432","53.913616546689646","109352","108990","0.3321405633544362","因疫情趨緩遊客數增加致商場營收成長"
"110/10/11","110/4","2845","遠東銀","金融保險業","915129","945384","1230541","-3.2002868675585794","-25.63197812994447","3738159","3524654","6.057474010214904","-"
"110/10/11","110/4","2849","安泰銀","金融保險業","515700","514917","480922","0.15206334224739132","7.231526110263203","1892645","1977307","-4.28168210601591","-"
"110/10/11","110/4","2850","新產","金融保險業","1510781","1476846","1294488","2.2978022082194083","16.7087682543214","5989408","4946530","21.083021835508934","-"
"110/10/11","110/4","2851","中再保","金融保險業","1562946","1626100","1406873","-3.8837709857942317","11.093609728809922","6990832","5737421","21.846244157435894","-"
"110/10/11","110/4","2852","第一保","金融保險業","574636","568665","554733","1.0500030773829936","3.587852173928719","2128204","1723455","23.48474430722009","-"
"110/10/11","110/4","2855","統一證","金融保險業","2244945","989561","990962","126.8627199333846","126.54198647374974","4968757","1395307","256.1049288794509","本月營收增加，主要為本月份交易部位操作獲利增加所致。"
"110/10/11","110/4","2867","三商壽","金融保險業","10681651","15064633","11265215","-29.0945156114988","-5.180229582835303","54892600","45568520","20.46166959120024","-"
"110/10/11","110/4","2880","華南金","金融保險業","4243157","4674201","3955035","-9.221768597456549","7.284941852600546","16648275","9821348","69.51109969833061","去年營業收入大幅下降，主要係因認列子公司華南永昌證券權證大額損失，而本年無所致。"
"110/10/11","110/4","2881","富邦金","金融保險業","43051005","46302927","35073779","-7.023145642607","22.744130308855514","189731081","168335240","12.710256628380368","-"
"110/10/11","110/4","2882","國泰金","金融保險業","59118746","79927770","58513130","-26.034786157552","1.0350087236830434","248496425","220604882","12.643212039160584","-"
"110/10/11","110/4","2883","開發金","金融保險業","13750281","22192000","13113711","-38.03946917808219","4.854232337436748","67076790","65545467","2.336275977711777","-"
"110/10/11","110/4","2884","玉山金","金融保險業","5041653","4878733","4962271","3.339391600237193","1.5997111000185198","18733499","18930254","-1.0393679873497736","-"
"110/10/11","110/4","2885","元大金","金融保險業","11557232","12345740","8020293","-6.386883248796751","44.099872660512524","46147959","32827859","40.5755976958473","-"
"110/10/11","110/4","2886","兆豐金","金融保險業","5860327","5836166","7021558","0.4139875390795944","-16.5380817191854","20449898","17817822","14.772153409097925","-"
"110/10/11","110/4","2887","台新金","金融保險業","4090025","4208164","3971006","-2.8073763284890987","2.997200205690951","16125474","13944600","15.639559399337378","-"
"110/10/11","110/4","2888","新光金","金融保險業","17289410","15896986","19827418","8.75904400997774","-12.800496766649092","74291547","88994374","-16.521074691755235","-"
"110/10/11","110/4","2889","國票金","金融保險業","867174","870905","749345","-0.42840493509625044","15.724265858850062","3769949","2245384","67.8977404310354","本年累計透過損益按公允價值衡量之金融資產及負債損益較去年同期增加955,333仟元"
"110/10/11","110/4","2890","永豐金","金融保險業","3581133","4190714","3296553","-14.545993833031794","8.632653562675923","15343217","12119217","26.60237868502561","-"
"110/10/11","110/4","2891","中信金","金融保險業","12323459","12682045","18726088","-2.827509285765821","-34.19095862413975","59911697","81578341","-26.55930941277661","-"
"110/10/11","110/4","2892","第一金","金融保險業","5456973","6354905","5390100","-14.129747022182078","1.240663438526187","21400020","19007595","12.586679166933008","-"
"110/10/11","110/4","2897","王道銀行","金融保險業","929120","815660","663844","13.910207684574456","39.96059315140304","3234344","2546929","26.989955354075438","-"
"110/10/11","110/4","2901","欣欣","貿易百貨","8650","8024","7944","7.801595214356929","8.887210473313193","34079","36278","-6.061524891118585","-"
"110/10/11","110/4","2903","遠百","貿易百貨","2944976","3314243","2554157","-11.141820319149803","15.301291189226035","12287197","11188322","9.82162472621006","-"
"110/10/11","110/4","2904","匯僑","其他","44725","47181","51191","-5.20548525889659","-12.631126565216542","178314","168381","5.899121634863791","-"
"110/10/11","110/4","2905","三商","貿易百貨","21778298","15966364","7867785","36.40111173714942","176.80342053068304","75161666","63354870","18.635972262274393","主係本期股市回升，壽險投資部份之透過損益按公允價值衡量之金融資產為利益，去年同期則為損失。"
"110/10/11","110/4","2906","高林","貿易百貨","693497","683803","503721","1.4176597645813194","37.674823960089014","2558102","2035361","25.682962383577163","-"
"110/10/11","110/4","2908","特力","貿易百貨","3461563","4070901","3288277","-14.968136046541048","5.269811515270764","15038159","12444082","20.84586874307","-"
"110/10/11","110/4","2910","統領","貿易百貨","35169","114074","30852","-69.17001244806004","13.992609879424348","239637","155411","54.19564895663756","主要係出售陽明山御陽明建案房地收入所致。"
"110/10/11","110/4","2911","麗嬰房","貿易百貨","296764","296288","280353","0.16065449832595313","5.853691595952246","1273759","1201383","6.0243902236006335","無"
"110/10/11","110/4","2912","統一超","貿易百貨","21189179","22135425","18938810","-4.274803849485609","11.882314675526075","86242382","81988558","5.188314203550208","-"
"110/10/11","110/4","2913","農林","貿易百貨","34433","30533","21521","12.77306520813546","59.9972120254635","125790","88628","41.93031547592183","主要為茶葉銷貨收入、休閒收入及工程收入增加。"
"110/10/11","110/4","2915","潤泰全","貿易百貨","241407","189933","165256","27.101135663628753","46.08062642203611","883893","864216","2.2768613402205005","-"
"110/10/11","110/4","2923","鼎固-KY","建材營造","526548","600513","595799","-12.316968991512256","-11.623215211841577","1872459","1758199","6.498695540152167","-"
"110/10/11","110/4","2929","淘帝-KY","貿易百貨","293264","391511","254598","-25.094314080575003","15.18707923864288","1110497","1119550","-0.8086284667946942","-"
"110/10/11","110/4","2936","客思達-KY","貿易百貨","835393","926532","623428","-9.836573372533275","33.99991659020769","3188989","2996231","6.43334909758293","-"
"110/10/11","110/4","2939","凱羿-KY","貿易百貨","57869","56961","286327","1.594073137760924","-79.7891920775896","380438","652864","-41.727833055582785","因為去年度口罩銷售約1.33億，加上目前運費及原材料上漲等影響客戶下單意願"
"110/10/11","110/4","3002","歐格","電腦及週邊設備業","51419","48150","65985","6.78920041536864","-22.074713950140183","184955","215799","-14.292929995041682","-"
"110/10/11","110/4","3003","健和興","電子零組件業","393374","388679","294963","1.207937655494637","33.36384563487624","1454924","1000609","45.403849055924944","-"
"110/10/11","110/4","3004","豐達科","鋼鐵工業","89725","126895","145974","-29.291934276370228","-38.53357447216628","421517","799639","-47.28658807286788","-"
"110/10/11","110/4","3005","神基","電腦及週邊設備業","2963080","2775692","2582678","6.751037218826872","14.728975118075114","10206108","8181337","24.74865660710468","-"
"110/10/11","110/4","3006","晶豪科","半導體業","2011711","1910045","1222784","5.3227018211612815","64.51891748665341","6983187","4886514","42.9073363956391","本期合併月營收相較於去年同期有所成長，主要係因市場需求較去年同期成長所致。"
"110/10/11","110/4","3008","大立光","光電業","3398663","4010541","4655501","-15.256744663625181","-26.996836645508186","15218506","17870018","-14.837769049812932","-"
"110/10/11","110/4","3010","華立","電子通路業","5588007","5913640","5271180","-5.50647317050074","6.010551717072838","21871547","17624207","24.09946728383297","-"
"110/10/11","110/4","3011","今皓","電子零組件業","136785","98554","131726","38.79193132698825","3.8405478037745016","441012","395852","11.408304113658641","-"
"110/10/11","110/4","3013","晟銘電","電腦及週邊設備業","317611","422482","634152","-24.82259599225529","-49.915635368176716","1376647","1994615","-30.98181854643628","-"
"110/10/11","110/4","3014","聯陽","半導體業","576001","542215","355318","6.231107586474","62.108590051728314","2097949","1199680","74.87571685782875","因受疫情影響，公司產品需求增加。"
"110/10/11","110/4","3015","全漢","電子零組件業","1469714","1505716","1178676","-2.391021945705565","24.691942484618334","5418285","3816288","41.97788531683143","-"
"110/10/11","110/4","3016","嘉晶","半導體業","395568","374638","353752","5.586726386538472","11.820710554286618","1510187","1356864","11.299806023300787","-"
"110/10/11","110/4","3017","奇鋐","電腦及週邊設備業","4484334","4333842","4219346","3.4724846914123773","6.280309792086261","15083130","11705897","28.850698071237087","-"
"110/10/11","110/4","3018","同開","其他電子業","166449","167289","94158","-0.5021250650072628","76.7762696743771","599703","492449","21.779717290521454","本公司採完工比例法認列收入，因本公司專案工程目前施工進度為高峰期，故成本有所增加，收入相對增加。"
"110/10/11","110/4","3019","亞光","光電業","1668547","1781429","1194932","-6.336598315172819","39.63530979168689","6396971","4118159","55.33569733465852","本月營收較去年同期增加，主要係因客戶需求提升。"
"110/10/11","110/4","3021","鴻名","電子零組件業","261969","279680","219761","-6.332594393592677","19.206319592648377","1074616","751996","42.90182394587205","-"
"110/10/11","110/4","3022","威強電","電腦及週邊設備業","513413","558842","470153","-8.129131310817726","9.201260015356704","1940005","1478289","31.233135063576878","-"
"110/10/11","110/4","3023","信邦","電子零組件業","2157280","2137919","1732956","0.9056002589433931","24.485561087529053","8142578","6245351","30.37822854151832","-"
"110/10/11","110/4","3024","憶聲","光電業","116649","129647","99813","-10.025685129621202","16.86754230410868","513593","371843","38.12092738064183","-"
"110/10/11","110/4","3025","星通","通信網路業","32117","38776","16805","-17.172993604291314","91.11573936328473","153872","164269","-6.32925262831088","台灣及東南亞地區銷售增加"
"110/10/11","110/4","3026","禾伸堂","電子零組件業","1414997","1600076","1281762","-11.56688807281654","10.394675454569569","5821851","4447688","30.896119511980157","-"
"110/10/11","110/4","3027","盛達","通信網路業","85926","68653","68539","25.15986191426449","25.368038634937772","286636","240837","19.01659628711535","-"
"110/10/11","110/4","3028","增你強","電子通路業","3217531","3797563","2324356","-15.273795326107821","38.426772835142295","13685604","8544413","60.170207128330524","主要客戶需求增加，出貨量增加，導致營收較去年同期大幅成長。"
"110/10/11","110/4","3029","零壹","資訊服務業","919411","1126647","727407","-18.394048890202523","26.395676698189597","3814900","3259216","17.049621749525038","-"
"110/10/11","110/4","3030","德律","其他電子業","562339","488294","480595","15.164020037108791","17.008916031169697","1910111","1643096","16.25072424252752","-"
"110/10/11","110/4","3031","佰鴻","光電業","163942","135320","120580","21.15134496009459","35.96118759329905","500170","386449","29.427168914915033","-"
"110/10/11","110/4","3032","偉訓","電子零組件業","701447","848220","715195","-17.30364763858433","-1.9222729465390558","3197820","2403000","33.076154806491886","-"
"110/10/11","110/4","3033","威健","電子通路業","6531297","6229080","4948049","4.8517116492323105","31.99741958901377","22354443","16509559","35.40302923900027","-"
"110/10/11","110/4","3034","聯詠","半導體業","11083873","9529374","6544234","16.312708473820003","69.36853113748683","37450388","23435388","59.80272227624309","市場需求提升以及公司積極擴展業務，致營收較去年同期成長。"
"110/10/11","110/4","3035","智原","半導體業","558416","577828","366924","-3.3594772146728786","52.1884640961071","2093391","1632348","28.244161171514897","110/04較109/04營收差異達50%,主要係今年NRE收入增加"
"110/10/11","110/4","3036","文曄","電子通路業","35794148","33781360","27879410","5.9582799508367925","28.3891875760642","133440526","105355069","26.65790765131576","-"
"110/10/11","110/4","3037","欣興","電子零組件業","7866654","7762344","7309384","1.3437951216797401","7.624035076006405","29689832","27876676","6.504204446756852","-"
"110/10/11","110/4","3038","全台","光電業","337156","355727","286659","-5.220576453291429","17.61570367579598","1281918","1101623","16.36630680368874","-"
"110/10/11","110/4","3040","遠見","其他","12623","16236","10789","-22.2530179847253","16.998795069051813","56067","46113","21.58610370177607","-"
"110/10/11","110/4","3041","揚智","半導體業","244150","214871","139187","13.626315324078169","75.41149676334715","812727","637213","27.54400804754454","本月營業收入較去年本月增加75%，主係去年同期全球受疫情影響，客戶調節採購步調所致。"
"110/10/11","110/4","3042","晶技","電子零組件業","1592403","1138574","865473","39.85942064371749","83.99222159443448","4903111","3016656","62.534641006465435","本月與去年同期比較營收增加，主要係因客戶需求出貨增加及子公司重慶眾陽置業有限公司認列開發案收入約NTD4.01億所致。"
"110/10/11","110/4","3043","科風","其他電子業","87431","80202","92324","9.013490935388145","-5.299813699579741","309750","289620","6.950486844831158","-"
"110/10/11","110/4","3044","健鼎","電子零組件業","5147940","5091046","4152910","1.1175306606933035","23.959825760731633","20248993","15870981","27.585011915772565","-"
"110/10/11","110/4","3045","台灣大","通信網路業","11237224","11731084","9910400","-4.209841136590617","13.38819825637714","46549814","41763079","11.461642950224048","-"
"110/10/11","110/4","3046","建碁","電腦及週邊設備業","185911","229752","155519","-19.081879591907796","19.542306727795317","670780","439313","52.6884021187627","110年度1~4月累計營收較去年增加之原因，主係去年因國際客觀情勢及疫情影響，致當年營收較低。"
"110/10/11","110/4","3047","訊舟","通信網路業","434633","433968","496551","0.15323710504000296","-12.469615407078024","1653334","1707559","-3.1755857337872366","-"
"110/10/11","110/4","3048","益登","電子通路業","7970218","8752029","8007988","-8.93291144259234","-0.4716540534276525","32524695","29593770","9.903858143115933","-"
"110/10/11","110/4","3049","和鑫","光電業","269209","322296","211307","-16.471504455531562","27.401837137435106","1214914","1110293","9.42282802827722","-"
"110/10/11","110/4","3050","鈺德","光電業","81551","83263","73262","-2.056135378259251","11.31418743687041","328410","314659","4.370127662008715","-"
"110/10/11","110/4","3051","力特","光電業","312577","265861","224498","17.571588160730606","39.233757093604396","1064835","769034","38.46396908329151","-"
"110/10/11","110/4","3052","夆典","建材營造","311264","307755","465430","1.1401926857402804","-33.12334830157059","1132292","1041428","8.724943058953668","-"
"110/10/11","110/4","3054","立萬利","半導體業","3315","4641","36147","-28.571428571428573","-90.8291144493319","16866","138546","-87.82642588021307","本期無電子相關營收致本期營收較去年同期減少。"
"110/10/11","110/4","3055","蔚華科","電子通路業","281608","361340","234333","-22.06564454530359","20.174281897982784","1361818","829204","64.23196221918852","累計營收:半導體686M、快銷品676M。本年累計快消品增加502M、半導體設備增加196M、驗證服務減少140M、二手設備減少10M。"
"110/10/11","110/4","3056","總太","建材營造","7981","49778","38972","-83.96681264815783","-79.52119470388998","3576007","1590810","124.79158416152778","本月營收減少係因無建案交屋；本年營收增加係因個案總太2020完工交屋所致。"
"110/10/11","110/4","3057","喬鼎","電腦及週邊設備業","51161","84335","68690","-39.33598150234185","-25.518998398602417","264383","358905","-26.33621710480489","-"
"110/10/11","110/4","3058","立德","電子零組件業","391713","380710","372731","2.890126342885661","5.092680780509268","1405179","1201026","16.998216524871236","-"
"110/10/11","110/4","3059","華晶科","光電業","748711","832751","516207","-10.091852186307792","45.040846017198525","2729574","1629950","67.4636645295868","本年累計營收較去年同期增加50%以上，係因客人需求增加。"
"110/10/11","110/4","3060","銘異","電腦及週邊設備業","272735","316677","218362","-13.8759682578779","24.900394757329572","1143258","1352129","-15.447564544507218","-"
"110/10/11","110/4","3062","建漢","通信網路業","309978","347656","464153","-10.837724647352555","-33.21641786221354","1367144","1392841","-1.8449342028271711","-"
"110/10/11","110/4","3090","日電貿","電子零組件業","994536","961489","934162","3.4370648026134463","6.462904721022692","3769628","2998230","25.72844645007221","-"
"110/10/11","110/4","3092","鴻碩","電子零組件業","234424","240795","303919","-2.6458190577046867","-22.866290031225425","902126","879418","2.5821622936987874","-"
"110/10/11","110/4","3094","聯傑","半導體業","29001","23548","24401","23.156956004756243","18.851686406294824","96450","73674","30.91456959035752","-"
"110/10/11","110/4","3130","一零四","資訊服務業","163406","176397","128016","-7.364637720596155","27.64498187726534","601306","524934","14.548876620679932","-"
"110/10/11","110/4","3138","耀登","通信網路業","129821","138849","101708","-6.5020273822641865","27.64089353836473","442739","338893","30.642710235974185","-"
"110/10/11","110/4","3149","正達","光電業","192395","216847","218538","-11.276153232463441","-11.962679259442293","816812","620109","31.720713616477102","-"
"110/10/11","110/4","3164","景岳","生技醫療業","28873","40825","26031","-29.27617881200245","10.91775191118282","132639","106551","24.484049891601206","-"
"110/10/11","110/4","3167","大量","電機機械","428134","364680","178505","17.39991225183723","139.84426206548835","1386137","501560","176.36514076082622","市場設備需求逐漸復甦所致"
"110/10/11","110/4","3189","景碩","半導體業","2732110","2680316","2061186","1.9323840920249702","32.55038603988189","9958096","7953519","25.20364885027621","-"
"110/10/11","110/4","3209","全科","電子通路業","4528328","3887979","3679577","16.46997064541758","23.06653726773485","16126347","13202251","22.14846543971933","-"
"110/10/11","110/4","3229","晟鈦","電子零組件業","38066","42672","34490","-10.793963254593177","10.36822267323862","140981","132691","6.247597802413125","海外子公司之營收係以當年度平均匯率換算之"
"110/10/11","110/4","3231","緯創","電腦及週邊設備業","68220509","69092011","66875475","-1.261364356582413","2.0112515088677876","245359675","240560042","1.9951912878365727","-"
"110/10/11","110/4","3257","虹冠電","半導體業","108477","105874","71055","2.458582843757674","52.66624445851805","387446","227923","69.98986499826695","客戶需求增加"
"110/10/11","110/4","3266","昇陽","建材營造","60980","73969","159825","-17.560058943611512","-61.84576880963554","265290","496293","-46.545689743760235","因營建收入受政策、全部完工法及建案規模不同等影響，故營收波動較大。"
"110/10/11","110/4","3296","勝德","電子零組件業","287965","258367","191456","11.455797373503582","50.40792662543874","921086","504606","82.53568130382912","109年4月受疫情影響出貨減少，營收基期偏低。"
"110/10/11","110/4","3305","昇貿","其他電子業","533035","572286","420715","-6.858633620252811","26.69740798402719","2246564","1371450","63.8093988114769","因出貨量成長及金屬價格上揚"
"110/10/11","110/4","3308","聯德","電子零組件業","28295","28654","38152","-1.2528791791721923","-25.836129167540363","92399","100123","-7.71451115128392","-"
"110/10/11","110/4","3311","閎暉","通信網路業","151712","155440","85023","-2.3983530622748326","78.43642308551803","622377","523282","18.937207853509197","去年同期因疫情因素故營業收入減少"
"110/10/11","110/4","3312","弘憶股","電子通路業","1520228","1569635","1135611","-3.1476744593488295","33.8687279358865","5616003","4129644","35.992424528603436","-"
"110/10/11","110/4","3321","同泰","電子零組件業","191963","177878","168601","7.91834853101564","13.856382820979709","716453","563184","27.21472911162249","-"
"110/10/11","110/4","3338","泰碩","電子零組件業","408089","459368","591327","-11.162945612232459","-30.987592313559166","1547571","1613471","-4.084362222810326","-"
"110/10/11","110/4","3346","麗清","汽車工業","464211","340800","368650","36.212147887323944","25.92187711921877","1964303","1027536","91.16634356363183","無"
"110/10/11","110/4","3356","奇偶","光電業","107173","106800","76000","0.34925093632958804","41.017105263157895","371304","404300","-8.161266386346773","-"
"110/10/11","110/4","3376","新日興","電子零組件業","1115878","983152","1228000","13.500048822562533","-9.130456026058631","4258828","3871906","9.993062848116663","-"
"110/10/11","110/4","3380","明泰","通信網路業","2143116","2487371","2102528","-13.840114723537422","1.9304380250821869","9336403","7086648","31.74639124167025","-"
"110/10/11","110/4","3383","新世紀","光電業","50927","50831","51198","0.18886112805177943","-0.5293175514668542","192463","189102","1.7773476747998436","-"
"110/10/11","110/4","3406","玉晶光","光電業","674298","815151","940629","-17.27937523231892","-28.31413873057284","3235253","3633003","-10.948243092560066","-"
"110/10/11","110/4","3413","京鼎","半導體業","1034877","933143","859646","10.902294717958554","20.384088334035173","3732166","2905939","28.43235869713714","-"
"110/10/11","110/4","3416","融程電","電腦及週邊設備業","173082","211168","122117","-18.035876647976966","41.73456603093754","757780","472105","60.51090329481789","出貨增加"
"110/10/11","110/4","3419","譁裕","通信網路業","138041","120785","129882","14.286542203088132","6.281855838376372","464682","365668","27.077567629653128","因子公司蘇州華廣電通有限公司已於109年8月出售100%股份，並喪失控制力，故修正109年之合併營收(更改為不包含該營收)。"
"110/10/11","110/4","3432","台端","電子零組件業","4283","3890","2715","10.102827763496144","57.753222836095766","13172","9216","42.92534722222222","客戶訂單增加"
"110/10/11","110/4","3437","榮創","光電業","331030","556170","460522","-40.48042864591761","-28.11852636790425","1869698","1525276","22.580962396313847","-"
"110/10/11","110/4","3443","創意","半導體業","1011945","1320922","1077824","-23.391010218620025","-6.11222240365774","4324136","4247691","1.799683639888118","-"
"110/10/11","110/4","3450","聯鈞","半導體業","615756","633443","570981","-2.7922007189281435","7.841767064052919","2357312","1855158","27.067990974353666","-"
"110/10/11","110/4","3454","晶睿","光電業","468894","474822","463537","-1.2484678468984167","1.1556790504317886","1750166","2042777","-14.324177333110761","-"
"110/10/11","110/4","3481","群創","光電業","30345891","30987492","20656833","-2.0705160649980967","46.90485709982745","114184587","71048408","60.71378685923547","本期營收較去年同期增加，主要係巿場價格上漲及出貨量增加所致。"
"110/10/11","110/4","3494","誠研","電腦及週邊設備業","43297","35045","28287","23.546868312170066","53.06324459999293","145986","205301","-28.891724833293555","去年同期因受新型冠狀病毒疫情影響，以致使營收銳減，今年疫情狀況好轉，營收回升。"
"110/10/11","110/4","3501","維熹","電子零組件業","467263","451451","319107","3.50248421201858","46.42831401379475","1650083","1216680","35.62177400795608","-"
"110/10/11","110/4","3504","揚明光","光電業","377244","490460","336900","-23.08363577050116","11.97506678539626","1411760","1033837","36.555375750722796","-"
"110/10/11","110/4","3515","華擎","電腦及週邊設備業","1945465","1771307","1331555","9.832174772639638","46.104742199909126","6621634","4927090","34.392389828478876","“本年累計營業收入淨額”採年平均匯率計算,“本月營業收入淨額”採該月平均匯率計算,故累計營收淨額與各月營收淨額加總會有差異"
"110/10/11","110/4","3518","柏騰","其他電子業","85842","74229","65894","15.644828840480136","30.272862476097977","276933","163004","69.89337684964786","本月營收較去年同期增加主要係因為客戶需求增加所致。"
"110/10/11","110/4","3528","安馳","電子通路業","563122","553622","418447","1.7159722698881186","34.57427105463774","2099146","1617779","29.75480581711099","-"
"110/10/11","110/4","3530","晶相光","半導體業","333001","341546","169372","-2.501859193197988","96.6092388352266","1256361","769139","63.34641722757525","因監控系列產品營收較去年同期大幅成長所致。"
"110/10/11","110/4","3532","台勝科","半導體業","956367","973944","1018592","-1.804723885562209","-6.108922905343848","3910012","3950134","-1.0157123783648858","-"
"110/10/11","110/4","3533","嘉澤","電子零組件業","1752452","1683044","1716978","4.123956355270569","2.066071900746544","6481303","4855992","33.470215766418065","-"
"110/10/11","110/4","3535","晶彩科","光電業","86784","167391","68635","-48.154918723228846","26.442777008814744","585583","386948","51.3337709459669","本公司以銷售機台為主，且110年累計出售機台較去年同期增加，此為產業特性，尚屬正常。"
"110/10/11","110/4","3536","誠創","半導體業","54313","56987","51777","-4.692298243459034","4.897927651273732","202940","149705","35.55993453792458","-"
"110/10/11","110/4","3543","州巧","光電業","278227","299052","207889","-6.9636718697751565","33.8344020126125","1102217","877465","25.613785165220264","-"
"110/10/11","110/4","3545","敦泰","半導體業","1908675","1523903","943357","25.249113624686085","102.32796279669309","6258529","3852993","62.43291903203561","產品出貨量顯著提升"
"110/10/11","110/4","3550","聯穎","電子零組件業","435200","461439","348973","-5.68634207338348","24.708788358984794","1556650","1006548","54.65233650059411","主係去年因新冠肺炎影響，今年疫情趨緩市場需求逐漸恢復正常所致。"
"110/10/11","110/4","3557","嘉威","其他","394124","381725","271888","3.248149846093392","44.95821808980168","1868368","1775075","5.255721589228624","-"
"110/10/11","110/4","3563","牧德","光電業","230980","282214","255902","-18.15430843260788","-9.738884416690764","919805","942066","-2.3629979215893577","-"
"110/10/11","110/4","3576","聯合再生","光電業","1015150","1466892","849212","-30.795859545215325","19.540232592097144","4020118","3836184","4.794712662374902","-"
"110/10/11","110/4","3583","辛耘","半導體業","404880","358953","248223","12.794711285321476","63.11139580135604","1361439","878317","55.00542514832344","主要係今年前4月客戶驗收機台較去年為高所致，此為產業特性，尚屬正常。"
"110/10/11","110/4","3588","通嘉","半導體業","165969","152420","116103","8.889253378821676","42.94979457895145","595324","409295","45.45108051649788","-"
"110/10/11","110/4","3591","艾笛森","光電業","203476","192022","189316","5.96494151711783","7.4795579877030995","745023","685790","8.637192143367503","-"
"110/10/11","110/4","3593","力銘","電子零組件業","54158","50143","58121","8.007099694872664","-6.818533748559041","222580","161101","38.16177429066238","-"
"110/10/11","110/4","3596","智易","通信網路業","3278819","3401577","2878863","-3.608855539651168","13.89284589089512","12903634","10021878","28.754650575470986","-"
"110/10/11","110/4","3605","宏致","電子零組件業","946342","821907","699837","15.139790754915094","35.22320197417399","3249353","2289217","41.94167700135024","本公司於110年4月新增子公司Genesis創世紀公司 ,本月合併營收金額含Genesis創世紀公司之營收金額"
"110/10/11","110/4","3607","谷崧","電子零組件業","317223","316973","276352","0.07887107103759626","14.789471398795738","1234486","882744","39.846433394053086","-"
"110/10/11","110/4","3617","碩天","其他電子業","765507","759428","572008","0.8004708807154859","33.82802338428833","3036404","2486329","22.12398278747503","-"
"110/10/11","110/4","3622","洋華","光電業","125232","154414","37995","-18.89854546867512","229.6012633241216","462461","154560","199.21130952380952","本月及本年增加原因：係因電線電纜產品依客戶施工需求月份出貨及光電非消費性產品出貨增加所致。"
"110/10/11","110/4","3645","達邁","電子零組件業","188632","202390","201000","-6.797766688077474","-6.153233830845771","786253","571603","37.552287164343085","-"
"110/10/11","110/4","3653","健策","電子零組件業","684674","670992","619188","2.0390705105276963","10.576109356124473","2538331","2290720","10.809308863588742","-"
"110/10/11","110/4","3661","世芯-KY","半導體業","1008533","1032917","530416","-2.3606930663354366","90.14000331815028","3667820","2050293","78.89248024550638","本月及本年累計營收較去年同期增加，係因產品量產增加所致。"
"110/10/11","110/4","3665","貿聯-KY","其他電子業","2317157","2178643","1787671","6.357810802412327","29.618760946505258","8451406","6736907","25.449349382439152","-"
"110/10/11","110/4","3669","圓展","通信網路業","356337","326358","210877","9.185924659423087","68.97859889888419","1354580","684987","97.75265807964239","本月較去年同期增加主要係因出貨量增加所致。"
"110/10/11","110/4","3673","TPK-KY","光電業","9177309","9572606","11016743","-4.129460671420092","-16.69671335711471","38362819","39208475","-2.156819412129648","-"
"110/10/11","110/4","3679","新至陞","電子零組件業","402258","384528","408510","4.610847584571214","-1.5304398913123303","1806549","1033528","74.79439357230767","1~4月累計營收較去年同期增加，因客戶需求增加所致。"
"110/10/11","110/4","3682","亞太電","通信網路業","1075581","981078","1113262","9.632567441120889","-3.3847378245192954","4122275","4489220","-8.173914399383412","-"
"110/10/11","110/4","3686","達能","半導體業","16531","12399","6485","33.325268166787644","154.91133384734002","49610","32954","50.54318140438187","由於多晶矽原料供不應求，加上晶片製造商擔憂缺料的預期心態下，四月份現貨價格持續上漲，因此營收較去年同期業績大幅成長。"
"110/10/11","110/4","3694","海華","通信網路業","885688","974862","944278","-9.147345983328922","-6.204740553099828","3324906","2333419","42.49073998283206","-"
"110/10/11","110/4","3701","大眾控","電腦及週邊設備業","783043","810358","585496","-3.3707324417109477","33.740110948665745","2967136","1899173","56.233055124519986","主要客戶訂單增加"
"110/10/11","110/4","3702","大聯大","電子通路業","66372523","68100463","55754407","-2.537339577265429","19.044442531690812","243486542","186798715","30.34701122007183","-"
"110/10/11","110/4","3703","欣陸","建材營造","2003938","2345916","1428462","-14.577589308398084","40.286405938694905","8356622","5767818","44.88359376110689","-"
"110/10/11","110/4","3704","合勤控","通信網路業","1803690","2555308","1316786","-29.41398845070731","36.976699326997704","8680562","5494098","57.99794615967899","營收較去年同期增加，主係本期國內及歐美地區出貨增加。"
"110/10/11","110/4","3705","永信","生技醫療業","604258","620219","701613","-2.5734458312305812","-13.875883143556347","2383090","2686471","-11.29291922376977","-"
"110/10/11","110/4","3706","神達","電腦及週邊設備業","4136027","3896031","2752597","6.160012587168839","50.25908260453674","15563547","11436162","36.09064824370274","受疫情影響，線上串流、電商服務等等雲端應用蓬勃，對資料中心產品需求增加，同時車用電子市場逐漸復甦，對車用產品穩定回溫。"
"110/10/11","110/4","3708","上緯投控","化學工業","1163838","903186","753753","28.859171864931476","54.40575360894086","3789293","1861411","103.57100070860224","客戶訂單增加，帶動我司營收成長"
"110/10/11","110/4","3711","日月光投控","半導體業","41333449","42001527","35303249","-1.590604074942323","17.08114740374179","160803233","132660404","21.21418912609372","-"
"110/10/11","110/4","3712","永崴投控","電腦及週邊設備業","495242","1047670","522105","-52.72919907986294","-5.145133641700424","2728357","2133180","27.900927254146392","-"
"110/10/11","110/4","3714","富采","光電業","2911948","2560835","0","13.710879459238882","","9790807","0","","富采於110/1/6公司始設立"
"110/10/11","110/4","4104","佳醫","生技醫療業","533199","541865","543510","-1.5992913364029786","-1.8971132085886184","2160401","2277089","-5.124437384748686","-"
"110/10/11","110/4","4106","雃博","生技醫療業","175798","238995","145948","-26.442812611142493","20.452489927919533","756662","563011","34.39559795456927","-"
"110/10/11","110/4","4108","懷特","生技醫療業","19106","9348","5348","104.3859649122807","257.25504861630515","44280","18808","135.43173117822204","「癌因性疲憊症CRF」的處方新藥需求強勁，故當月業績較去年同期成長257.26%。"
"110/10/11","110/4","4119","旭富","生技醫療業","46551","78628","274608","-40.795899679503485","-83.04819961545185","370177","1058936","-65.04255214668308","因火災影響產線，目前廠內產能為0，租賃廠房產能貢獻仍有限"
"110/10/11","110/4","4133","亞諾法","生技醫療業","32203","35608","34838","-9.562457874634914","-7.563579998851829","146531","134748","8.74447116098198","-"
"110/10/11","110/4","4137","麗豐-KY","生技醫療業","423691","415815","302424","1.8941115640368915","40.098338756183374","1531869","957603","59.96911037246124","累計營收較去年同期增加超50%，係去年受新冠疫情影響。公司採取應變措施後，營收逐步恢復正常。"
"110/10/11","110/4","4141","龍燈-KY","生技醫療業","946775","1079262","911673","-12.275703212009688","3.8502840382461696","3050688","2872462","6.204642567943457","-"
"110/10/11","110/4","4142","國光生","生技醫療業","1977","4955","5014","-60.10090817356206","-60.570402871958514","8908","372027","-97.60555013480204","累計營收減少主因為國內四價流感疫苗提前於109年第四季出貨所致。"
"110/10/11","110/4","4148","全宇生技-KY","生技醫療業","203895","161135","104393","26.53675489496385","95.31481995919266","613545","319832","91.83352510067786","本月營收較去年增加95.31%,主係因客戶訂單需求增加。"
"110/10/11","110/4","4155","訊映","生技醫療業","84995","88240","110169","-3.677470534904805","-22.850348101553067","380940","481028","-20.8071047839211","-"
"110/10/11","110/4","4164","承業醫","生技醫療業","158515","179481","263534","-11.68145931881369","-39.85026599983304","799574","818586","-2.3225415533615283","-"
"110/10/11","110/4","4190","佐登-KY","生技醫療業","241004","278574","187004","-13.486542175508124","28.876387670851962","970308","729288","33.04867212952907","-"
"110/10/11","110/4","4306","炎洲","塑膠工業","1537466","1624079","1150138","-5.333053379792485","33.67665445363948","5486406","4331621","26.659419187412748","-"
"110/10/11","110/4","4414","如興","紡織纖維","1295215","1382808","924101","-6.334429653285199","40.15946308899135","5571965","4832598","15.299575921688499","-"
"110/10/11","110/4","4426","利勤","紡織纖維","51413","84314","64017","-39.021989230732736","-19.688520236812096","274790","463152","-40.6695857947283","110/3月營收因折讓單金額誤值，故於本月累計營業收入淨額調整"
"110/10/11","110/4","4438","廣越","紡織纖維","625008","523018","476734","19.500284885032638","31.102040131394027","2194239","2320629","-5.446368204482492","-"
"110/10/11","110/4","4439","冠星-KY","紡織纖維","553776","581083","475407","-4.699328667333238","16.48461213234134","2059556","1899825","8.40766912741963","-"
"110/10/11","110/4","4526","東台","電機機械","802071","792628","633469","1.191353320851648","26.61566706500239","2647428","2391783","10.688469647957193","-"
"110/10/11","110/4","4532","瑞智","電機機械","2222346","2232338","1675672","-0.44760246880176746","32.624165111071854","8050352","5913414","36.137128230832474","-"
"110/10/11","110/4","4536","拓凱","其他","661870","721256","615546","-8.233692336701532","7.525676391366364","2671828","1984603","34.627832367481055","-"
"110/10/11","110/4","4540","全球傳動","電機機械","268079","293560","241847","-8.679997274833083","10.846526936451559","912896","785506","16.21757185813985","-"
"110/10/11","110/4","4545","銘鈺","電子零組件業","155939","153401","127914","1.6544872588835797","21.909251528370625","613438","519898","17.991990736644496","-"
"110/10/11","110/4","4551","智伸科","汽車工業","758924","822444","478030","-7.723322195796918","58.76074723343723","3021204","2042335","47.928914698127386","本月營收較去年同期增加，主要係汽車、運動及電子銷售成長所致。"
"110/10/11","110/4","4552","力達-KY","電機機械","325287","266452","286019","22.080900124600305","13.729157853149616","1222256","849721","43.84203756291771","-"
"110/10/11","110/4","4555","氣立","電機機械","184820","171354","158630","7.858585151207442","16.510117884385046","631385","450491","40.154853260109526","-"
"110/10/11","110/4","4557","永新-KY","汽車工業","159251","143965","121333","10.617858507276074","31.251184756002075","565914","455198","24.322602471891354","-"
"110/10/11","110/4","4560","強信-KY","電機機械","118426","117936","93185","0.4154795821462488","27.086977517840854","459659","358443","28.237683536852444","-"
"110/10/11","110/4","4562","穎漢","電機機械","66711","58119","53504","14.783461518608373","24.684135765550238","245319","207609","18.163952429807956","-"
"110/10/11","110/4","4564","元翎","電機機械","160262","207631","134988","-22.814030660161535","18.72314576110469","742168","649321","14.299090896490334","-"
"110/10/11","110/4","4566","時碩工業","電機機械","367012","405499","255740","-9.491268782413767","43.5098146555095","1499703","1200822","24.88970055511974","-"
"110/10/11","110/4","4571","鈞興-KY","電機機械","211286","239820","148254","-11.898090234342423","42.5162221592672","937598","520304","80.20195885482333","客戶訂單增加"
"110/10/11","110/4","4572","駐龍","電機機械","33276","31864","32548","4.43133316595531","2.2366965712178937","106641","151334","-29.53268928330712","-"
"110/10/11","110/4","4576","大銀微系統","電機機械","265557","285713","233170","-7.0546317458428565","13.889865763177081","960537","790609","21.49330452853433","-"
"110/10/11","110/4","4581","光隆精密-KY","汽車工業","81233","85456","60837","-4.941724396180491","33.52565050873646","312588","291878","7.095430282515298","-"
"110/10/11","110/4","4720","德淵","化學工業","303251","325833","244793","-6.930544174469744","23.88058482064438","1135016","858663","32.18410482342898","-"
"110/10/11","110/4","4722","國精化","化學工業","402600","453905","315217","-11.303025963582687","27.721537861219414","1536154","1266357","21.304971662809145","-"
"110/10/11","110/4","4737","華廣","生技醫療業","130341","131937","117527","-1.2096682507560426","10.903026538582624","594139","470933","26.16210798563702","-"
"110/10/11","110/4","4739","康普","化學工業","642018","635013","400871","1.1031270225963878","60.15576083079095","2335148","1758887","32.76282103398342","本月營收較去年同期增加60.16%主係動力電池材料銷售增加"
"110/10/11","110/4","4746","台耀","生技醫療業","294885","253566","248879","16.295165755661248","18.485288031533397","1031164","911522","13.12551973512433","-"
"110/10/11","110/4","4755","三福化","化學工業","301878","345212","294982","-12.552866064910837","2.3377697622227798","1271723","1195443","6.380898127305108","-"
"110/10/11","110/4","4763","材料-KY","化學工業","223355","232021","152037","-3.7350067450791093","46.90831836987049","854656","676329","26.366901315779746","-"
"110/10/11","110/4","4764","雙鍵","化學工業","226738","255088","249583","-11.113811704196198","-9.153267650440936","951313","813302","16.969219305989657","-"
"110/10/11","110/4","4766","南寶","化學工業","1556128","1699101","1177977","-8.414626322979034","32.10173033938693","5848946","4907380","19.186735080633657","-"
"110/10/11","110/4","4807","日成-KY","貿易百貨","192489","130896","112191","47.054913824715804","71.57258603631307","586076","619172","-5.345202948453742","2020Q1主要客戶存貨調整致淡季不淡,而4月起為產業淡季,2021Q1因疫情致多渠道客戶訂單量成長,我司4月營收較去年同期大增71.57%"
"110/10/11","110/4","4904","遠傳","通信網路業","6359087","6576529","6140824","-3.306333781847537","3.554294993636033","27194862","25529664","6.522600532462942","-"
"110/10/11","110/4","4906","正文","通信網路業","2107273","2048128","1912250","2.887758968189488","10.19861419793437","7347556","4549457","61.504021249129295","新客戶、新產品帶動營收成長"
"110/10/11","110/4","4912","聯德控股-KY","電子零組件業","700460","681351","436415","2.8045750281426165","60.503190770253084","2404166","1298586","85.13721848225686","去年因新冠狀病毒疫情、全球經濟停&#28382;及工廠停工外；今年客戶拉貨力道強，春節期間仍有趕工加班出貨，導致兩期差異較大。"
"110/10/11","110/4","4915","致伸","電子零組件業","6066898","5757002","6512177","5.382940634726199","-6.837636630576841","23226285","20036278","15.921155615828448","-"
"110/10/11","110/4","4916","事欣科","電腦及週邊設備業","212799","186815","327068","13.908947354334503","-34.93738305184243","645184","1924408","-66.47363760699395","主因對恩德(1528)喪失控制力，故未予納入合併營收，致累計營收變動逾50%。"
"110/10/11","110/4","4919","新唐","半導體業","3495440","3901456","946207","-10.406781468251852","269.4159945973767","13567920","3079362","340.6081519483581","本公司109/09/01完成對日本Panasonic Corporation半導體相關事業之併購，自完成日起該事業併入本公司合併財務報告"
"110/10/11","110/4","4927","泰鼎-KY","電子零組件業","1269671","1039230","1013750","22.174205902447003","25.24498150431566","4530526","3618516","25.203978647600287","4月份自結數"
"110/10/11","110/4","4930","燦星網","電器電纜","975530","899077","648650","8.503498587996356","50.39389501271872","3509901","2098725","67.23968123503556","109/3/27董事會決議處分燦星國旅全數持股，109年第一季起將該公司轉列停業單位，合併營收109年4月累積扣除110,186仟元。"
"110/10/11","110/4","4934","太極","光電業","210900","152045","188914","38.70893485481272","11.638099876134113","624695","691124","-9.61173392907785","-"
"110/10/11","110/4","4935","茂林-KY","光電業","969095","1070950","922996","-9.510714785937719","4.994496184165478","3639627","2301433","58.146120265069634","本年累計營收較去年同期增加，主要係因出貨數量增加所致。"
"110/10/11","110/4","4938","和碩","電腦及週邊設備業","93054564","80375353","103788385","15.774998835774943","-10.342025266122024","309627894","382266833","-19.00215575333474","無"
"110/10/11","110/4","4942","嘉彰","光電業","708641","755752","553784","-6.2336586605129725","27.963429784898082","2714416","1911667","41.99209381131756","-"
"110/10/11","110/4","4943","康控-KY","電子零組件業","206896","161973","322049","27.734869391812214","-35.75636005700996","948824","1244190","-23.739621761949543","-"
"110/10/11","110/4","4952","凌通","半導體業","301697","283708","230638","6.340674214333046","30.809753813335185","1026645","702512","46.139140683717855","-"
"110/10/11","110/4","4956","光鋐","光電業","150737","157244","107766","-4.138154714965277","39.874357404004975","588740","358912","64.0346380171184","係因去年度受疫情影響所致"
"110/10/11","110/4","4958","臻鼎-KY","電子零組件業","9548950","9294292","9788515","2.739939739358307","-2.447409029868167","36723386","27300953","34.51320179189349","-"
"110/10/11","110/4","4960","誠美材","光電業","901892","1032781","837821","-12.673451583636801","7.647337557783823","3648253","2787036","30.900820800305414","-"
"110/10/11","110/4","4961","天鈺","半導體業","1751503","1504211","715255","16.439980827157893","144.8781203906299","5755730","2812884","104.62024029430293","本月營收較去年同期增加主係顯示器驅動IC出貨量增加所致"
"110/10/11","110/4","4967","十銓","半導體業","611842","609063","541800","0.4562746382558126","12.92764857881137","2525191","2088703","20.89756178834425","-"
"110/10/11","110/4","4968","立積","半導體業","614232","601425","298503","2.1294425738870184","105.77079627340429","2355711","1129203","108.61713969941631","因客戶需求增加及產能提升"
"110/10/11","110/4","4976","佳凌","光電業","142861","171202","62916","-16.55412904054859","127.0662470595715","619536","284789","117.5421101236354","本月營收較去年同期增加主要係因客戶需求增加所致"
"110/10/11","110/4","4977","眾達-KY","通信網路業","240140","261066","250988","-8.015597588349307","-4.322118985768244","985167","906260","8.706883234391896","-"
"110/10/11","110/4","4989","榮科","電子零組件業","349409","387353","224618","-9.79571605228306","55.55699008984142","1313432","988649","32.85119390198139","主係銅價上漲，造成營收增加，故較去年同期增加。"
"110/10/11","110/4","4994","傳奇","資訊服務業","235398","276336","255388","-14.81457356261942","-7.827305903174778","978342","1027779","-4.81008076639044","-"
"110/10/11","110/4","4999","鑫禾","電子零組件業","277885","268040","246806","3.6729592598119685","12.592481544208812","1014980","636139","59.553179415190705","109年第1季受疫情影響基期較低"
"110/10/11","110/4","5007","三星","鋼鐵工業","610860","637305","240603","-4.149504554334267","153.88710863954316","2242462","1734562","29.281167234149024","去年因新冠狀病毒疫情影響致營收減少，今年恢復正常"
"110/10/11","110/4","5203","訊連","資訊服務業","168132","127266","146737","32.11069727971336","14.580507983671467","544523","503491","8.149500189675685","-"
"110/10/11","110/4","5215","科嘉-KY","電腦及週邊設備業","318555","373402","309362","-14.688459086989358","2.97159961469088","1326111","770163","72.18575807978311","無"
"110/10/11","110/4","5225","東科-KY","其他電子業","928770","759523","731866","22.283327825490474","26.904378670412342","2837298","1889965","50.124367382464754","去年累計同期因疫情關係營收延後認列，致比較基期偏低。"
"110/10/11","110/4","5234","達興材料","光電業","365522","364340","377198","0.32442224295987265","-3.09545649764845","1440131","1478451","-2.5919019297900303","-"
"110/10/11","110/4","5243","乙盛-KY","光電業","1079163","1042646","665612","3.5023392407394263","62.130941148897556","3756202","2511679","49.549444813608744","主要係TV機構件、SERVER機構件及汽車機構件出貨增加所致"
"110/10/11","110/4","5258","虹堡","電腦及週邊設備業","283512","363113","281664","-21.921825988053307","0.6561008861622358","1078607","1148434","-6.080192679770888","-"
"110/10/11","110/4","5269","祥碩","半導體業","444871","508685","444494","-12.544895170881784","0.08481554306694804","2024311","2030299","-0.2949319287454705","-"
"110/10/11","110/4","5283","禾聯碩","電器電纜","541955","520115","431864","4.199071359218634","25.49205305373914","1835656","1627886","12.763178748389015","-"
"110/10/11","110/4","5284","jpp-KY","其他","108501","126730","120320","-14.384123727609879","-9.822972074468085","471143","457725","2.9314544759407943","-"
"110/10/11","110/4","5285","界霖","半導體業","566678","517154","379315","9.576257749142421","49.39509378748534","2018990","1348892","49.677661369479544","-"
"110/10/11","110/4","5288","豐祥-KY","電機機械","462703","491003","148280","-5.763712238010766","212.04680334502294","1780385","1411222","26.159101828061072","去年因疫情(COVID-19)影響，導致營收大幅滑落，而本期無此情形。"
"110/10/11","110/4","5388","中磊","通信網路業","3268553","3390381","2563146","-3.593342459151346","27.52114003650202","12866424","9365133","37.38645249352038","-"
"110/10/11","110/4","5434","崇越","電子通路業","3755934","3423958","3410752","9.69567967831381","10.12040746439495","13288823","12200604","8.919386286121572","-"
"110/10/11","110/4","5469","瀚宇博","電子零組件業","4415883","4388435","3861180","0.6254621522251098","14.366152316131338","16758679","12516475","33.89296107730012","無"
"110/10/11","110/4","5471","松翰","半導體業","547974","501640","552333","9.236504266007495","-0.7891978208797953","1935095","1386675","39.54928155479835","-"
"110/10/11","110/4","5484","慧友","光電業","42636","32702","21199","30.377346951256804","101.12269446672013","127996","77331","65.51706301483235","主要係因去年同期受COVID-19疫情影響,訂單延遲或取消,使營收偏低."
"110/10/11","110/4","5515","建國","建材營造","418566","386057","641793","8.420777242738767","-34.78177543226554","1610814","2026803","-20.52439235584317","去年度營業收入已不含停業單位"
"110/10/11","110/4","5519","隆大","建材營造","1038694","476415","292678","118.02294218276083","254.89309070036012","1619114","701596","130.7758311050804","主係今年出售J33案之土地於本期完成所有權登記程序認列土地收入較多及自建案J49案認列房地銷售收入較多所致。"
"110/10/11","110/4","5521","工信","建材營造","235577","101965","324349","131.0371205805914","-27.36928432028463","762321","1309148","-41.76968532205679","無"
"110/10/11","110/4","5522","遠雄","建材營造","1609581","1931075","2099845","-16.64844710847585","-23.347628039212417","5582616","7658897","-27.109399695543626","-"
"110/10/11","110/4","5525","順天","建材營造","64202","66086","66287","-2.850830735708017","-3.145413127762608","201018","426945","-52.91712047219197","本月份母公司主要營收為租賃收入"
"110/10/11","110/4","5531","鄉林","建材營造","180591","106636","140547","69.3527514160321","28.491536638989093","352516","605285","-41.76032777947579","建設業之銷售進度及狀況深受景氣榮枯及市場現狀影響，且建築個案之完工時間並非固定時點，故月營收的表現上會有較大之波動。"
"110/10/11","110/4","5533","皇鼎","建材營造","373020","73714","62128","406.03684510405077","500.40561421581253","1074786","305631","251.66131707843772","本月及累計營收較去年同期增加達50%以上，係兩期個案營收組成因子不同。"
"110/10/11","110/4","5534","長虹","建材營造","102563","65680","415474","56.15560292326431","-75.31421942167259","827700","3003396","-72.44119656548787","本月較去年同期減少，係因「天際」個案減少完成產權移轉予客戶認列收入所致。"
"110/10/11","110/4","5538","東明-KY","鋼鐵工業","1064577","1014045","779247","4.983210804254249","36.616117867633754","3538244","2394640","47.75682357264557","-"
"110/10/11","110/4","5546","永固-KY","建材營造","496725","467501","556154","6.251109623294924","-10.685709353883997","1631612","1242450","31.32214576039277","-"
"110/10/11","110/4","5607","遠雄港","航運業","187434","196512","151351","-4.619565217391305","23.840608915699267","726073","580007","25.183489164785943","-"
"110/10/11","110/4","5608","四維航","航運業","342210","289456","199374","18.225222486319165","71.64224021186313","1140967","838874","36.011725241216205","主係去年因COVID-19疫情影響而使營業收入大幅減少，今年因後疫情經濟復甦，整體運價上漲，致營收增加。"
"110/10/11","110/4","5706","鳳凰","觀光事業","9328","6470","11650","44.173106646058734","-19.931330472103003","34069","384842","-91.14727602496609","因新型冠狀病毒肺炎疫情影響國外團體旅遊"
"110/10/11","110/4","5871","中租-KY","其他","5784845","5941144","4649401","-2.6307896257017167","24.42129642076474","22543867","18591918","21.256273828230093","-"
"110/10/11","110/4","5876","上海商銀","金融保險業","2951440","3793294","3052530","-22.193217820712025","-3.311679164496336","13115640","12920351","1.511483705047951","-"
"110/10/11","110/4","5880","合庫金","金融保險業","4612615","4254126","4333290","8.42685430567877","6.446025998721526","17562697","15645974","12.250582801684319","-"
"110/10/11","110/4","5906","台南-KY","貿易百貨","121966","106531","96581","14.488740366653838","26.283637568465846","579615","561305","3.2620411362806316","-"
"110/10/11","110/4","5907","大洋-KY","貿易百貨","387354","496964","309935","-22.055923567904316","24.97910852275477","1848511","1196361","54.51113836041128","去年主係受COVID-19病毒疫情影響，各店於1月底起暫時停止營業，至2月中旬才陸續恢復營業，直至3月底全部恢復營業。"
"110/10/11","110/4","6005","群益證","金融保險業","1130686","1137870","936066","-0.6313550757116366","20.791268991716397","4305721","1476560","191.6048789077315","係經紀獲利較去年同期增加所致。"
"110/10/11","110/4","6024","群益期","金融保險業","201041","229625","204003","-12.448121937942297","-1.451939432263251","844018","831361","1.5224433188470472","-"
"110/10/11","110/4","6108","競國","電子零組件業","778342","720767","762936","7.988018319373667","2.01930437153313","2983192","2513470","18.688188042825256","-"
"110/10/11","110/4","6112","聚碩","資訊服務業","867210","1014225","1205259","-14.495304296383939","-28.04783038334499","3860545","4715421","-18.129367452026024","Corex(PTY)LTD 110/1/4成為100%子公司，共同控制企業合併重編去年合併營收。本月較去年4月不含Corex減少330,597千元，減少27.60%"
"110/10/11","110/4","6115","鎰勝","電子零組件業","645127","697481","565936","-7.506154289507528","13.992924995052444","2336855","1637691","42.692058514090874","-"
"110/10/11","110/4","6116","彩晶","光電業","2750339","3027717","1017219","-9.161292155112251","170.3782567962258","10637981","4433949","139.92114027473028","主要為面板價格較去年同期上漲所致。"
"110/10/11","110/4","6117","迎廣","電腦及週邊設備業","171395","201798","175398","-15.066056155165066","-2.2822381098986306","712046","695704","2.348987500431218","-"
"110/10/11","110/4","6120","達運","光電業","1618373","1725354","941536","-6.200524645956714","71.88647061822384","6254457","3642553","71.70531218076992","主要係業務量增加。"
"110/10/11","110/4","6128","上福","電腦及週邊設備業","401770","423054","188256","-5.0310362270537565","113.41683664796872","1560157","1526602","2.1980188680481225","去年受新冠肺炎疫情影響導致營收驟減，本年營收逐漸回復。"
"110/10/11","110/4","6133","金橋","電子零組件業","78408","79179","86967","-0.973743037926723","-9.841664079478424","283161","211346","33.979824553102496","-"
"110/10/11","110/4","6136","富爾特","通信網路業","53056","40077","48173","32.38515856975322","10.1363834513109","206418","226753","-8.96790781158353","-"
"110/10/11","110/4","6139","亞翔","其他電子業","1764865","1446890","1207913","21.976446032524933","46.1086187498603","5970557","4023942","48.3758215202903","合併營收數字係自結本業合併營收，最終亞翔合併營收數字以會計師查核為準。"
"110/10/11","110/4","6141","柏承","電子零組件業","343205","365133","269471","-6.00548293361597","27.362499118643566","1258251","868185","44.92890340192471","資料係自行結算數"
"110/10/11","110/4","6142","友勁","通信網路業","203461","323872","199593","-37.17857672166782","1.9379437154609631","905169","665003","36.1150250449998","-"
"110/10/11","110/4","6152","百一","通信網路業","277482","217431","168752","27.618416877078246","64.43182895610126","955386","575995","65.86706481827099","主要係客戶需求增加"
"110/10/11","110/4","6153","嘉聯益","電子零組件業","1174552","1287546","1441172","-8.77591946229494","-18.5002206537457","5136328","4128019","24.42597769050966","-"
"110/10/11","110/4","6155","鈞寶","電子零組件業","67873","67218","52298","0.9744413698711655","29.781253585223144","246656","187084","31.84238096256227","-"
"110/10/11","110/4","6164","華興","光電業","76054","68365","82473","11.246983105390186","-7.783153274404957","299852","272856","9.89386342979447","-"
"110/10/11","110/4","6165","浪凡","其他","198881","215797","63","-7.8388485474774905","315584.126984127","775135","599","129304.84140233723","本公司100%持有旭瑞文化傳媒股份有限公司，合併基準日為109/08/17，合併後營收大幅提高。"
"110/10/11","110/4","6166","凌華","電腦及週邊設備業","733980","841191","685663","-12.74514349297603","7.046756205307855","2830310","3165788","-10.596982489035906","-"
"110/10/11","110/4","6168","宏齊","光電業","272549","242058","186625","12.596567764750597","46.04099129269926","953974","797886","19.562694420004863","-"
"110/10/11","110/4","6172","互億","電腦及週邊設備業","44885","49477","42092","-9.281080097823232","6.635465171529032","163996","124261","31.977048309606392","-"
"110/10/11","110/4","6176","瑞儀","光電業","4924942","4956289","5104938","-0.6324691719954183","-3.525919413712762","18992527","13672781","38.90756386721911","-"
"110/10/11","110/4","6177","達麗","建材營造","13189","5455","101343","141.7781851512374","-86.98578096168458","29501","1589725","-98.14427023541808","本月無交屋過戶，營收來源為租賃收入及工程收入。"
"110/10/11","110/4","6183","關貿","資訊服務業","148008","182657","123626","-18.969434513870258","19.72238849432967","686297","521545","31.58922048912366","-"
"110/10/11","110/4","6184","大豐電","其他","163196","164183","163876","-0.6011584634219134","-0.414947887427079","657205","661382","-0.6315563471639688","-"
"110/10/11","110/4","6189","豐藝","電子通路業","2702551","2786653","2651782","-3.018029155406145","1.914523893743905","10547083","8224831","28.234647009768345","-"
"110/10/11","110/4","6191","精成科","電子零組件業","2258426","2313199","1840513","-2.3678464325810276","22.70633241927658","8748965","6344043","37.908349612384406","-"
"110/10/11","110/4","6192","巨路","其他電子業","597714","499070","461032","19.765563948945037","29.646965937288517","2063338","1842515","11.984868508533173","-"
"110/10/11","110/4","6196","帆宣","其他電子業","2553798","2764288","1970740","-7.614619026671606","29.585739366938306","9122379","7469059","22.135586290053407","-"
"110/10/11","110/4","6197","佳必琪","電子零組件業","325703","298271","312783","9.197005407833815","4.130659274960595","1164660","963884","20.82989239369053","-"
"110/10/11","110/4","6201","亞弘電","其他電子業","294314","365873","247452","-19.55842601121154","18.937814202350356","1325792","801983","65.31422735893405","訂單增加"
"110/10/11","110/4","6202","盛群","半導體業","523085","582693","464227","-10.22974362142672","12.678711061614253","1987783","1495376","32.928641358427576","-"
"110/10/11","110/4","6205","詮欣","電子零組件業","138887","114333","141244","21.475864361120585","-1.668743451049248","474737","405171","17.16954076180181","-"
"110/10/11","110/4","6206","飛捷","電腦及週邊設備業","405638","306471","312149","32.35771084376662","29.950119974755644","1320622","1569139","-15.837793847453922","-"
"110/10/11","110/4","6209","今國光","光電業","273106","311454","231895","-12.312572643151155","17.771405161818926","1095899","812994","34.79791978784591","-"
"110/10/11","110/4","6213","聯茂","電子零組件業","2689223","2752195","2429739","-2.288064617514384","10.679500966976288","10082849","8047094","25.298014413650442","-"
"110/10/11","110/4","6214","精誠","資訊服務業","2213247","2713242","1940278","-18.427954454486553","14.06855100145443","9564034","7698638","24.23020799263454","-"
"110/10/11","110/4","6215","和椿","其他電子業","165552","167755","185825","-1.313224643080683","-10.909726893582672","589712","528510","11.580102552458799","-"
"110/10/11","110/4","6216","居易","通信網路業","68009","78559","65306","-13.42939701370944","4.1389765105809575","283722","284036","-0.11054936698165022","-"
"110/10/11","110/4","6224","聚鼎","電子零組件業","212368","190272","150085","11.612848974100235","41.49848419229104","761650","508106","49.8998240524615","-"
"110/10/11","110/4","6225","天瀚","光電業","1042","2345","368","-55.56503198294243","183.15217391304347","4815","2273","111.83457985041795","行車紀錄器及數位影像產品逐漸發酵所致"
"110/10/11","110/4","6226","光鼎","光電業","81608","72579","75728","12.440237534272999","7.76463131206423","288753","241410","19.611035168385733","-"
"110/10/11","110/4","6230","尼得科超眾","電腦及週邊設備業","760984","964138","746956","-21.07104999491774","1.878022266371781","3234962","2390285","35.33791995515179","-"
"110/10/11","110/4","6235","華孚","電腦及週邊設備業","209501","184383","127037","13.6227309459115","64.91337169486056","846430","576809","46.743549424506206","主要係因去年同期受新型冠狀病毒影響造成低基期所致。"
"110/10/11","110/4","6239","力成","半導體業","6671415","6509060","6564039","2.494292570663045","1.635822090636573","25100648","25375719","-1.0839929304072133","-"
"110/10/11","110/4","6243","迅杰","半導體業","75906","74985","66074","1.228245649129826","14.88028574023065","262314","189264","38.59688054780624","-"
"110/10/11","110/4","6251","定穎","電子零組件業","1223141","1337673","930206","-8.562032723991589","31.4914115798006","4779457","3967202","20.474253642743676","-"
"110/10/11","110/4","6257","矽格","半導體業","1350187","1196762","964345","12.820009325162397","40.01078452213679","4854564","3681358","31.868837532236746","-"
"110/10/11","110/4","6269","台郡","電子零組件業","2391592","2332250","2212056","2.5444099045985635","8.11625022151338","9522039","6814821","39.72544546657939","-"
"110/10/11","110/4","6271","同欣電","半導體業","1112037","1164831","590972","-4.5323312995619105","88.17084396553474","4253299","2544177","67.17779462671032","投資之子公司營收併入"
"110/10/11","110/4","6277","宏正","電腦及週邊設備業","399492","489840","362109","-18.44439000489956","10.323687066601494","1630909","1515454","7.618509040855083","-"
"110/10/11","110/4","6278","台表科","光電業","4945016","4423784","3189283","11.782492092742322","55.051025575340915","16456780","11537078","42.642530457018665","本月營收較去年同期增加55.05%，主要是去年疫情影響，各客戶出貨減少，今年因疫情較緩和，各客戶出貨增加所致。"
"110/10/11","110/4","6281","全國電","電子通路業","1673879","1283667","1514212","30.398226331283738","10.544560471056894","6183030","5752653","7.48136555429295","-"
"110/10/11","110/4","6282","康舒","電子零組件業","1633322","1854514","1877053","-11.927221902881294","-12.984769210032962","6491539","6740794","-3.697709795018213","-"
"110/10/11","110/4","6283","淳安","其他電子業","231841","271895","115953","-14.731422056308501","99.94394280441213","911464","294668","209.3189623576364","本月營收大幅上升，主係因109年8月合併新取得子公司營收所致。"
"110/10/11","110/4","6285","啟碁","通信網路業","5137151","5747371","4911555","-10.617376188173688","4.593168558633671","20480738","18277320","12.055476404637004","-"
"110/10/11","110/4","6288","聯嘉","汽車工業","287847","369682","72214","-22.136593071883404","298.60276400697927","1271390","1007438","26.20032200492735","本公司去年同期營收減少，主要係因新冠狀肺炎疫情之影響，北美客戶暫時關閉其工廠，致使出貨遞延所致。"
"110/10/11","110/4","6289","華上","光電業","5354","7119","5340","-24.792807978648685","0.26217228464419473","26524","22517","17.795443442732157","-"
"110/10/11","110/4","6405","悅城","光電業","44178","44678","40877","-1.1191190294999775","8.075445849744355","142118","129303","9.910829601788048","-"
"110/10/11","110/4","6409","旭隼","其他電子業","1376331","1378368","1273330","-0.14778346566374148","8.089104945300903","4838913","3823301","26.563746877371152","-"
"110/10/11","110/4","6412","群電","電子零組件業","3162400","3538089","3221038","-10.618415760598447","-1.820469053764656","13144570","9930545","32.36504139500904","-"
"110/10/11","110/4","6414","樺漢","電腦及週邊設備業","7016323","8176248","5989341","-14.18651929344609","17.146828006620428","27115403","23852363","13.68015403756852","-"
"110/10/11","110/4","6415","矽力-KY","半導體業","1767759","1580173","1180131","11.871231820819618","49.793455133370784","5948292","4034161","47.448056733481884","-"
"110/10/11","110/4","6416","瑞祺電通","通信網路業","300463","437230","425848","-31.280333005511974","-29.443604290732843","1541541","1693516","-8.973933520557232","-"
"110/10/11","110/4","6426","統新","通信網路業","51629","56151","57789","-8.05328489252195","-10.659468064856634","180662","222846","-18.929664431939546","-"
"110/10/11","110/4","6431","光麗-KY","光電業","5430","6382","32171","-14.916953932936384","-83.12144477945976","27520","68470","-59.80721483861545","因市場產能過剩,公司採取保守策略接單所致"
"110/10/11","110/4","6438","迅得","其他電子業","349823","418273","300501","-16.364909998971964","16.413256528264466","1376734","947384","45.31953252324295","-"
"110/10/11","110/4","6442","光聖","通信網路業","243139","236230","222758","2.924692037421157","9.149390818736027","932271","776880","20.00193080012357","-"
"110/10/11","110/4","6443","元晶","光電業","454450","413774","404688","9.830487174157874","12.296386351955086","1591282","1409225","12.918944810090652","-"
"110/10/11","110/4","6449","鈺邦","電子零組件業","232095","236230","204974","-1.7504127333530881","13.231434230682916","886782","603488","46.94277268147834","-"
"110/10/11","110/4","6451","訊芯-KY","半導體業","416292","345015","390353","20.659101778183558","6.645011054097189","1489136","1395851","6.683019892524346","-"
"110/10/11","110/4","6456","GIS-KY","光電業","10667734","10706079","10516817","-0.358161003669037","1.4350064282757797","35874541","33155133","8.20207236086189","-"
"110/10/11","110/4","6464","台數科","其他","350368","356292","363437","-1.6626811716232752","-3.595946477656375","1449832","1430706","1.3368225197909285","-"
"110/10/11","110/4","6477","安集","光電業","91238","94414","140041","-3.36390789501557","-34.849079912311396","284056","322502","-11.921166380363532","-"
"110/10/11","110/4","6491","晶碩","生技醫療業","478344","424559","251051","12.668439486620235","90.5365842000231","1624141","972497","67.00730182201076","因代工訂單增加，故業績提升"
"110/10/11","110/4","6504","南六","其他","592022","607706","790813","-2.580853241534558","-25.137548320525838","2404110","2359252","1.901365348000129","-"
"110/10/11","110/4","6505","台塑化","油電燃氣業","46553948","46689208","22152848","-0.28970292235413375","110.14881698280962","176853614","159684205","10.75210225081435","本月營收較去年同期增加50%以上，主係成品油及石化產品價格較去年同期上揚，致營業額增加。"
"110/10/11","110/4","6515","穎崴","半導體業","185151","203940","296364","-9.21300382465431","-37.52581285176337","731667","895232","-18.27068290677724","-"
"110/10/11","110/4","6525","捷敏-KY","半導體業","382680","372735","341078","2.668115417119401","12.197210022340931","1443863","1059895","36.22698474848924","-"
"110/10/11","110/4","6531","愛普","半導體業","518317","493115","271522","5.11077537694047","90.8931872923741","1746243","1174602","48.66678245056623","市場需求強勁故營收增加，另去年同期之合併營收已排除停業單位營收，109年4月累計合併營收(含停業單位)為1,266,300仟元。"
"110/10/11","110/4","6533","晶心科","半導體業","53911","45958","43581","17.304930588798467","23.70298983501985","205037","149443","37.200805658344656","-"
"110/10/11","110/4","6541","泰福-KY","生技醫療業","0","0","0","","","0","0","","本公司各類產品尚在研發階段，故目前無收入"
"110/10/11","110/4","6552","易華電","半導體業","273400","267663","237696","2.143366845623041","15.020866989768443","985180","814825","20.906943208664437","-"
"110/10/11","110/4","6558","興能高","其他電子業","162240","191504","157609","-15.281142952627622","2.9382839812447257","646796","368283","75.62472337848882","主要係去年基期較低"
"110/10/11","110/4","6573","虹揚-KY","半導體業","206948","193812","130824","6.777702103068953","58.1881000428056","732187","437161","67.48680692010495","整體二極體產業環境明顯回暖，直接反應在訂單的需求度上，故營收業績數字成長。"
"110/10/11","110/4","6579","研揚","電腦及週邊設備業","379459","495435","485657","-23.408923471292905","-21.866873122388846","1646014","1883858","-12.62536772941485","-"
"110/10/11","110/4","6581","鋼聯","其他","161109","66717","181823","141.4811817078106","-11.392398101450311","466675","430933","8.29409676214168","-"
"110/10/11","110/4","6582","申豐","橡膠工業","832321","927858","351045","-10.29651088851958","137.09809283710067","3130984","1269654","146.6013575352025","主係銷售單價調升"
"110/10/11","110/4","6591","動力-KY","電腦及週邊設備業","186556","212068","134306","-12.030103551690967","38.903697526543866","656684","385853","70.19020196810702","4月營收較去年同期成長，主要係接單量增加所致。"
"110/10/11","110/4","6592","和潤企業","其他","1421765","1427319","1135251","-0.3891211425056347","25.237942974725414","5541404","4616474","20.035420972803053","-"
"110/10/11","110/4","6598","ABC-KY","生技醫療業","10881","36195","5401","-69.9378367177787","101.46269209405665","94681","56800","66.6919014084507","四月營收較去年同期大幅增長主係因SARS-Cov-2, GPP, RPP 檢測試劑以及Biocode2500分析儀之銷售增加所致"
"110/10/11","110/4","6605","帝寶","汽車工業","1355831","1546492","789143","-12.328612110505583","71.81055904950054","5429483","4641916","16.96642076246102","去年同期因新冠肺炎疫情影響，致比較基期較低"
"110/10/11","110/4","6625","必應","其他","56769","86331","12651","-34.24262431803176","348.73132558691015","273843","136814","100.15714766032715","主要係因本期參與製作之演製活動等較去年同期增加所致"
"110/10/11","110/4","6641","基士德-KY","其他","183768","182448","190062","0.7234938174164693","-3.3115509675790005","545440","438725","24.3238930993219","-"
"110/10/11","110/4","6655","科定","其他","200642","210466","164020","-4.66773730673838","22.32776490671869","638871","469891","35.96153150411478","-"
"110/10/11","110/4","6666","羅麗芬-KY","生技醫療業","88531","91091","50974","-2.810376436750063","73.67873818024876","269100","163259","64.83011656325226","新冠病毒疫情獲得控制，業績回溫"
"110/10/11","110/4","6668","中揚光","光電業","105394","154157","126563","-31.63203746829531","-16.72605737853875","463779","521725","-11.106617470889837","-"
"110/10/11","110/4","6669","緯穎","電腦及週邊設備業","16616629","15340839","13208168","8.316298736985637","25.80570598435756","55906921","48345292","15.64087977791095","-"
"110/10/11","110/4","6670","復盛應用","其他","1948100","1962388","882125","-0.7280925076998025","120.84171744367295","7774662","4499359","72.79488033739918","1.客戶訂單因應市場需求有顯著增加。2.併購民盛公司增加冰上曲棍球鞋、摩托車車靴等產品營收。"
"110/10/11","110/4","6671","三能-KY","其他","173380","213134","188074","-18.652115570486174","-7.812882163403766","619170","514374","20.373502548729135","-"
"110/10/11","110/4","6672","騰輝電子-KY","電子零組件業","668475","612205","441263","9.191365637327365","51.49128750880994","2278175","1783283","27.75173654433985","去年受疫情影響，銷售下滑，而今年市場需求延續，高單價特殊材料，尤其以車用電子以及照明散熱材料動能強勁"
"110/10/11","110/4","6674","鋐寶科技","通信網路業","237623","261148","187455","-9.008301805872533","26.762689712197595","994908","726797","36.889392774048325","-"
"110/10/11","110/4","6698","旭暉應材","其他電子業","60824","63381","37566","-4.034332055347817","61.91236756641644","235201","176674","33.127115478225434","本月營收較去年同期增加，係新增銷售微波及半導體零件產品所致"
"110/10/11","110/4","6706","惠特","光電業","429677","406366","239859","5.73645432934842","79.13732651265953","1613766","1131154","42.665454924793615","因市場需求增溫，出貨暢旺所致"
"110/10/11","110/4","6715","嘉基","電子零組件業","216759","156997","244882","38.065695522844386","-11.48430672732173","780321","645770","20.835746473202533","-"
"110/10/11","110/4","6743","安普新","其他電子業","511318","604373","205642","-15.396948573149363","148.64473210725436","1666690","485379","243.3790913904392","受惠居家商機與遠距工作，耳機需求量增加，公司訂單亦隨之成長。"
"110/10/11","110/4","6754","匯僑設計","其他","330073","300018","297339","10.01773226939717","11.00898301265559","1083775","1019376","6.317492269780729","-"
"110/10/11","110/4","6756","威鋒電子","半導體業","266771","256278","161667","4.094381882174826","65.01264945845473","991922","591225","67.77402850014799","本期出貨量增加"
"110/10/11","110/4","6768","志強-KY","其他","1497094","1320386","1543740","13.383056166908768","-3.0216228121315765","5203721","5466710","-4.810736256358943","-"
"110/10/11","110/4","6776","展碁國際","電子通路業","1248155","1266629","1396092","-1.4585170559019256","-10.596507966523696","5313615","5474966","-2.9470685297406414","-"
"110/10/11","110/4","6781","AES-KY","電子零組件業","938269","979200","310340","-4.180044934640523","202.33582522394792","3627919","1483371","144.57259849356635","去年同期受新冠肺炎影響"
"110/10/11","110/4","6790","永豐實","造紙工業","806198","889386","925768","-9.35341910036812","-12.915762912522359","3395516","3387563","0.23477054153679208","-"
"110/10/11","110/4","8011","台通","通信網路業","113634","118240","136201","-3.8954668470906633","-16.5688945015088","454831","465098","-2.207491754425949","-"
"110/10/11","110/4","8016","矽創","半導體業","1765268","1554779","955769","13.538194174220259","84.6960928843685","5807908","4094616","41.84255617620798","本月營收較去年同期增加主係驅動IC出貨量增加及調漲產品售價所致"
"110/10/11","110/4","8021","尖點","其他電子業","298959","255707","235164","16.91467187053933","27.127876715823852","1078622","833015","29.484102927318236","-"
"110/10/11","110/4","8028","昇陽半導體","半導體業","233617","226681","203680","3.0598065122352556","14.698055773762766","905359","830213","9.051412107495306","-"
"110/10/11","110/4","8033","雷虎","其他","117318","117488","63119","-0.1446956284897181","85.86796368763764","412536","280062","47.301668916168566","因美國疫情影響降低,醫療器材及遙控模型市場需求強勁"
"110/10/11","110/4","8039","台虹","電子零組件業","745170","771706","728962","-3.4386152239324304","2.2234355151571688","2947645","2343011","25.805854091167305","自結數尚未經會計師簽證，特此說明。"
"110/10/11","110/4","8046","南電","電子零組件業","4139307","3866219","2937502","7.063438465332667","40.912482782990445","14995126","10854267","38.149595914675764","-"
"110/10/11","110/4","8070","長華*","電子通路業","1594942","1657240","1388540","-3.75914170548623","14.864678007115387","6189556","5176950","19.559895305150715","-"
"110/10/11","110/4","8072","陞泰","電子通路業","121805","137003","59724","-11.093187740414443","103.94648717433527","446484","244747","82.42675088969426","子公司半導體代理銷售增加"
"110/10/11","110/4","8081","致新","半導體業","769287","753702","617603","2.0677933719162214","24.56011385955055","2953656","2239499","31.88914127668733","-"
"110/10/11","110/4","8101","華冠","通信網路業","68118","74819","221393","-8.95628115852925","-69.23208954212645","319239","694121","-54.008162841925255","主要客戶出貨量持續下滑，導致較去年同期降低"
"110/10/11","110/4","8103","瀚荃","電子零組件業","331236","323922","325354","2.257950988200863","1.8078769586358243","1218031","921302","32.20757145865308","係本公司自結合併營收"
"110/10/11","110/4","8104","錸寶","光電業","154408","160812","154004","-3.982289878864761","0.2623308485493883","608526","424789","43.25370948871087","-"
"110/10/11","110/4","8105","凌巨","光電業","895224","858232","600368","4.3102564341576635","49.11254430615889","3089959","2158999","43.11998291800969","-"
"110/10/11","110/4","8110","華東","半導體業","730826","484350","551239","50.887994219056466","32.578790687886745","2136721","2119932","0.7919593647343406","-"
"110/10/11","110/4","8112","至上","電子通路業","16199282","20078015","9049040","-19.318309105755723","79.01658076436837","66567457","41301179","61.17568217604636","整體半導體零組件市況持續暢旺，原廠產能吃緊帶動價格漲，下游品牌手機推出新機帶動，使本期營收成長。"
"110/10/11","110/4","8114","振樺電","電腦及週邊設備業","662960","675474","582716","-1.8526249715014937","13.77068760768539","2635768","2446336","7.7434988488907495","-"
"110/10/11","110/4","8131","福懋科","半導體業","840933","854994","833263","-1.6445729443715396","0.9204776883168939","3375287","3407285","-0.9391054754738744","-"
"110/10/11","110/4","8150","南茂","半導體業","2283389","2344604","1854324","-2.6108886617953395","23.138620866687805","8748728","7441126","17.57263618436242","-"
"110/10/11","110/4","8163","達方","電腦及週邊設備業","2525742","2190278","1811718","15.316046638828496","39.411431580411524","8525690","5923407","43.932199830266605","-"
"110/10/11","110/4","8201","無敵","其他電子業","48504","85828","64656","-43.48697394789579","-24.98144023756496","264120","350791","-24.707304349313407","-"
"110/10/11","110/4","8210","勤誠","電腦及週邊設備業","760631","805094","763950","-5.522709149490619","-0.4344525165259506","2579558","2101225","22.764482623231686","-"
"110/10/11","110/4","8213","志超","電子零組件業","2084966","2285884","2014022","-8.789509878891492","3.522503726374389","8226599","6810319","20.796088993775474","-"
"110/10/11","110/4","8215","明基材","光電業","1369750","1393027","1224590","-1.670965458673809","11.85376330036992","5446032","4668196","16.662453761581563","-"
"110/10/11","110/4","8222","寶一","電機機械","31271","28223","31482","10.799702370407115","-0.6702242551299155","110622","211055","-47.58617421999005","因疫情影響"
"110/10/11","110/4","8249","菱光","電子零組件業","375953","318174","306232","18.159560492057803","22.76737898064213","1313195","877651","49.62610422593947","-"
"110/10/11","110/4","8261","富鼎","半導體業","310696","383311","240881","-18.944147180748793","28.98319087018071","1339451","786930","70.21221709681929","本年較去年同期增加70.21%，係因受惠終端客戶需求強勁使營收大幅增加"
"110/10/11","110/4","8271","宇瞻","半導體業","784520","855291","611145","-8.27449371032783","28.36888136203356","2883400","2575526","11.95383001375253","-"
"110/10/11","110/4","8341","日友","其他","268198","288210","203236","-6.943548107282884","31.96382530654018","1060210","869750","21.898246622592698","-"
"110/10/11","110/4","8367","建新國際","航運業","172599","180816","161890","-4.54439872577648","6.614985483970598","662584","635342","4.287769421823207","無"
"110/10/11","110/4","8374","羅昇","電機機械","306808","330271","269892","-7.104165972792041","13.67806381811984","1184893","902687","31.262885141804414","-"
"110/10/11","110/4","8404","百和興業-KY","其他","2317094","1482294","676669","56.3181123312919","242.42650394801595","4771022","2933220","62.654761661246006","主要為營建工案已完工，開始陸續交屋，認列之收入增加所致。"
"110/10/11","110/4","8411","福貞-KY","其他","485076","584255","495562","-16.975293322265106","-2.1159814513622917","2136272","1493465","43.041316669623995","-"
"110/10/11","110/4","8422","可寧衛","其他","232095","306590","201092","-24.297922306663622","15.417321425019393","1049065","853187","22.95839013018248","-"
"110/10/11","110/4","8427","基勝-KY","其他","206042","421644","441095","-51.13365777765129","-53.28852061347329","1290121","1967503","-34.42851167190088","1.本公司自2021年4月起,功能性貨幣從人民幣轉換為美金;2020年4月美金與台幣匯率為29.74。"
"110/10/11","110/4","8429","金麗-KY","貿易百貨","44479","34240","42096","29.9036214953271","5.660870391486127","129806","172227","-24.630865079226833","-"
"110/10/11","110/4","8442","威宏-KY","其他","442003","400487","348470","10.366378933648283","26.841048009871724","1606906","1484515","8.244510833504545","-"
"110/10/11","110/4","8443","阿瘦","貿易百貨","98941","90983","69956","8.746688941890243","41.43318657441821","407590","387815","5.099080747263515","-"
"110/10/11","110/4","8454","富邦媒","貿易百貨","5803340","6108604","4824954","-4.997279247435257","20.277623372160647","24164558","19930661","21.243133883015723","-"
"110/10/11","110/4","8462","柏文","觀光事業","323840","335870","261534","-3.5817429362550985","23.823288750219856","1235058","1134941","8.821339611486412","-"
"110/10/11","110/4","8463","潤泰材","其他","345206","276231","237648","24.97004318849079","45.259375210395206","1203359","895337","34.40291197616093","-"
"110/10/11","110/4","8464","億豐","其他","2374013","2584228","1698992","-8.134537664633307","39.73067560059141","9159436","6354677","44.13692466194584","-"
"110/10/11","110/4","8466","美吉吉-KY","其他","306167","314856","238232","-2.7596742637904312","28.51632022566238","1041561","870433","19.660100203002415","-"
"110/10/11","110/4","8467","波力-KY","其他","91879","140729","77022","-34.712106246757955","19.289293967957207","402442","300711","33.83015586393581","-"
"110/10/11","110/4","8473","山林水","其他","262996","431247","314448","-39.01499604634931","-16.36264183585203","1440922","1408999","2.2656510047203726","-"
"110/10/11","110/4","8478","東哥遊艇","其他","374656","433347","328192","-13.543649777199334","14.157566302652105","1058568","809245","30.809334626719966","主係認列遊艇銷貨收入增加所致"
"110/10/11","110/4","8480","泰昇-KY","其他","151422","148655","149785","1.86135683293532","1.0928998230797475","599469","648450","-7.553550774924821","-"
"110/10/11","110/4","8481","政伸","其他","127366","144211","68460","-11.68080104846371","86.04440549225825","513079","352519","45.54648118257455","(一)延續2020年下半年起自行車與運動市場需求激增現象。(二)越南廠建廠後營收逐步顯現。"
"110/10/11","110/4","8482","商億-KY","其他","405204","354114","300472","14.42755722733357","34.855826832450276","1404797","950298","47.82699742607056","-"
"110/10/11","110/4","8488","吉源-KY","其他","293037","273568","164369","7.116694935080126","78.27996763379956","996432","670095","48.700109685940056","去年因受疫情影響出貨較少，今年大陸地區疫情穩定，出貨恢復正常水準"
"110/10/11","110/4","8499","鼎炫-KY","其他電子業","207197","199131","183985","4.050599856375953","12.616245889610566","791068","532838","48.46313513675826","以人民幣計,本月自結合並營收淨額約為47,801千元,月增4.67%,年增10.92%;累計1-4月合併營收淨額約為181,208千元,年增46.25%"
"110/10/11","110/4","8926","台汽電","油電燃氣業","574267","778638","641884","-26.247241978942718","-10.534146356662575","2569029","3257585","-21.137007936861202","-"
"110/10/11","110/4","8940","新天地","觀光事業","67212","67367","11952","-0.2300829783128238","462.34939759036143","347869","361822","-3.8563160891266977","本月較去年同期增加係因疫情趨緩，以致於收入增加。"
"110/10/11","110/4","8996","高力","電機機械","202151","187579","163585","7.768460222093092","23.575511202127334","705884","711745","-0.8234690795158378","-"
"110/10/11","110/4","9105","泰金寶-DR","存託憑證","9216779","9777217","5387129","-5.732081020601261","71.08888612097464","36133595","26326181","37.2534626271847","主要係因去年度同期部分國家材料供應鏈及產能受疫情影響所致。"
"110/10/11","110/4","912000","晨訊科-DR","存託憑證","214830","249304","206474","-13.828097423226263","4.046998653583502","891392","715947","24.50530556032779","-"
"110/10/11","110/4","912398","友佳-DR","存託憑證","315410","472826","346582","-33.29258543311916","-8.994119717700285","1384027","905354","52.87136302484995","2021年1-4月之銷售額比較2020年1-4月之銷售額增加超過50%，主要由於CNC工具機業務於4月之出貨量上升。"
"110/10/11","110/4","9802","鈺齊-KY","其他","966895","1145075","358255","-15.560552802218195","169.8901620354217","4383744","3131119","40.00566570609421","去年受疫情影響,客戶交期遞延,今年訂單充足且產能擴增，故營收大幅成長。"
"110/10/11","110/4","9902","台火","其他","14413","21150","52406","-31.85342789598109","-72.49742395908865","75165","133705","-43.78295501290154","本月及累計營收較去年同期減少主要係因截至本月止無銷售投標車輛之營收所致"
"110/10/11","110/4","9904","寶成","其他","22276195","24716585","21279745","-9.873491827451081","4.682621901719217","93169085","80740268","15.393579075065741","-"
"110/10/11","110/4","9905","大華","其他","772482","721381","699312","7.083774038961381","10.463140915642803","2615601","2085442","25.421900968715505","-"
"110/10/11","110/4","9906","欣巴巴","建材營造","12","13","20288","-7.6923076923076925","-99.94085173501577","40459","28970","39.65826717293752","兩期本月增減百分比差異大，係因今年度本月個案銷售尚未入帳；兩期累計成長原因為本年個案累計銷售總金額較高。"
"110/10/11","110/4","9907","統一實","其他","3282261","2967004","2542882","10.625432254220081","29.076418017037362","11445545","8741958","30.92656130354321","-"
"110/10/11","110/4","9908","大台北","油電燃氣業","281124","316223","326040","-11.099445644371219","-13.776223776223777","1199278","1446690","-17.10193614388708","-"
"110/10/11","110/4","9910","豐泰","其他","6773686","6931821","5101533","-2.281290875803054","32.77746120626878","26110507","23199118","12.549567617182687","合併營業收入為本公司自結數"
"110/10/11","110/4","9911","櫻花","其他","571511","679175","424044","-15.85217359296205","34.77634396430559","2492865","2020809","23.3597534452786","-"
"110/10/11","110/4","9912","偉聯","電腦及週邊設備業","58831","45543","27287","29.1768219045737","115.60083556272218","189948","150701","26.042959237164983","去年4月受疫情影響，需求趨減，今年因疫情好轉，市場需求回升，故今年4月合併營收較去年同期增加115.60%。"
"110/10/11","110/4","9914","美利達","其他","2408701","3194815","2092468","-24.605931798867854","15.112919289566197","10432688","7352156","41.89970941857055","-"
"110/10/11","110/4","9917","中保科","其他","1174566","1215573","1122530","-3.3734707829147244","4.635599939422554","4711485","4419680","6.602401078811136","-"
"110/10/11","110/4","9918","欣天然","油電燃氣業","169418","187454","200485","-9.62156048950676","-15.495922388208594","769374","900053","-14.519033879116007","-"
"110/10/11","110/4","9919","康那香","其他","268031","324248","438402","-17.3376551281735","-38.861820885853625","1305477","1606944","-18.760267937152758","-"
"110/10/11","110/4","9921","巨大","其他","6911440","8410959","5031327","-17.82815728860407","37.368133695146426","27516340","18352655","49.931113509189814","-"
"110/10/11","110/4","9924","福興","其他","865750","826660","748782","4.728667166670699","15.621102002986182","3036397","2506425","21.144538535962575","-"
"110/10/11","110/4","9925","新保","其他","602931","679709","593297","-11.295716255044438","1.6238073005594162","2534436","2353378","7.69353669491259","-"
"110/10/11","110/4","9926","新海","油電燃氣業","188442","198578","219046","-5.104291512654977","-13.9714945719164","806250","903935","-10.806639857954389","-"
"110/10/11","110/4","9927","泰銘","其他","751001","699825","677869","7.312685314185689","10.788515185087384","2790856","2887094","-3.3333864432540126","-"
"110/10/11","110/4","9928","中視","其他","63863","61764","64067","3.3984197914642835","-0.3184166575616152","254439","233094","9.157249864861386","-"
"110/10/11","110/4","9929","秋雨","其他","47439","46869","44051","1.2161556679254946","7.691085332909582","198084","305692","-35.20144459128797","-"
"110/10/11","110/4","9930","中聯資源","其他","903766","854882","837761","5.718216081283733","7.878738685615588","3495900","3296473","6.049708279121352","-"
"110/10/11","110/4","9931","欣高","油電燃氣業","103600","108644","110636","-4.642686204484371","-6.359593622329079","443404","498475","-11.047896083053313","-"
"110/10/11","110/4","9933","中鼎","其他","4298685","5746978","5322742","-25.2009490901131","-19.23927554632556","18924242","16767102","12.865312085535114","-"
"110/10/11","110/4","9934","成霖","其他","1802372","1898746","956004","-5.075665728854728","88.53184714708307","6780935","4731227","43.322968861988656","疫後市場需求復甦"
"110/10/11","110/4","9935","慶豐富","其他","445818","416601","321051","7.0131852779998125","38.862049954680096","1639493","1246675","31.50925461728197","-"
"110/10/11","110/4","9937","全國","油電燃氣業","1769828","1818619","1109988","-2.6828599063355214","59.4456877011283","6810127","6086829","11.883001806030693","平均油價大幅上升"
"110/10/11","110/4","9938","百和","其他","3096417","2392501","1248844","29.421764087036955","147.94265736953534","7759985","5846241","32.73460673277068","主要為營建工案已完工，開始陸續交屋，認列之收入增加所致。"
"110/10/11","110/4","9939","宏全","其他","1867767","1986770","1719648","-5.98977234405593","8.61333249595266","6993111","6139128","13.910493477249538","-"
"110/10/11","110/4","9940","信義","其他","1612238","1564720","861277","3.0368372616186923","87.19157715810361","5233481","3050007","71.58914717244912","本月及本年度營收增加，主要係因去年同期受到疫情影響；另，上海建案於本年度累計交屋數增加。"
"110/10/11","110/4","9941","裕融","其他","2669688","2642932","2465179","1.012360514761636","8.295908735227746","10297405","9861761","4.417507177470636","-"
"110/10/11","110/4","9942","茂順","其他","329581","332934","231948","-1.0071065136032968","42.092624208874405","1200553","838516","43.17592031636844","-"
"110/10/11","110/4","9943","好樂迪","觀光事業","227148","212543","142662","6.871550697976409","59.22109601715944","950475","888583","6.965246915594829","去年營收受疫情影響大幅衰退,今年營收逐漸恢復往常水準"
"110/10/11","110/4","9944","新麗","其他","267649","255700","217145","4.673054360578803","23.258191531004627","957477","826788","15.806833190612346","-"
"110/10/11","110/4","9945","潤泰新","其他","2042077","1610483","1044406","26.799041033031706","95.52520762998297","7296028","4950212","47.38819266730395","主係本公司建案交屋認列及子公司潤弘業務正於大量施工階段，以致本月營收較去年同期增加。"
"110/10/11","110/4","9946","三發地產","建材營造","110783","69799","109278","58.717173598475625","1.3772213986346749","256832","665463","-61.40551766213899","本年累計營收較去年累計減少約40,863萬，係因去年有大量交屋認列營收。"
"110/10/11","110/4","9955","佳龍","其他","113275","104449","111224","8.450056965600437","1.8440264691073869","572830","497022","15.252443553806472","-"
"110/10/11","110/4","9958","世紀鋼","鋼鐵工業","609554","600383","360933","1.5275249299197347","68.88286745739514","2273671","1543954","47.26287182131074","本月增加百分比達50%以上，主因風力事業陸續投產，影響收入較同期增加。"
